290.149498 144.837681 0.000000
236.465233 113.592915 40.000000
193.894488 90.045824 80.000000
159.844878 72.043218 120.000000
132.398825 58.107118 160.000000
110.122898 47.200021 200.000000
91.932331 38.580272 240.000000
76.996877 31.708993 280.000000
64.674496 26.188930 320.000000
54.463977 21.723687 360.000000
45.970672 18.089208 400.000000
38.881364 15.114503 440.000000
32.945666 12.667582 480.000000
27.962112 10.645781 520.000000
23.767592 8.968512 560.000000
20.229338 7.571991 600.000000
17.238727 6.405431 640.000000
14.706483 5.428121 680.000000
12.558912 4.607197 720.000000
10.734952 3.915990 760.000000
9.183841 3.332747 800.000000
7.863231 2.839668 840.000000
6.737696 2.422084 880.000000
5.777526 2.067885 920.000000
4.957735 1.767022 960.000000
4.257276 1.511144 1000.000000
3.658372 1.293275 1040.000000
3.145992 1.107578 1080.000000
2.707399 0.949160 1120.000000
2.331784 0.813894 1160.000000
2.009969 0.698312 1200.000000
1.734144 0.599484 1240.000000
1.497659 0.514926 1280.000000
1.294846 0.442540 1320.000000
1.120868 0.380543 1360.000000
0.971597 0.327420 1400.000000
0.843505 0.281881 1440.000000
0.733574 0.242831 1480.000000
0.639224 0.209335 1520.000000
0.558245 0.180594 1560.000000
0.488746 0.155926 1600.000000
0.429106 0.134749 1640.000000
0.377937 0.116565 1680.000000
0.334048 0.100948 1720.000000
0.296420 0.087533 1760.000000
0.264176 0.076008 1800.000000
0.236568 0.066105 1840.000000
0.212952 0.057593 1880.000000
0.192778 0.050278 1920.000000
0.175571 0.043988 1960.000000
0.160929 0.038580 2000.000000
0.148505 0.033929 2040.000000
0.138002 0.029928 2080.000000
0.129167 0.026485 2120.000000
0.121785 0.023523 2160.000000
0.115670 0.020972 2200.000000
0.110665 0.018776 2240.000000
0.106638 0.016885 2280.000000
0.103474 0.015256 2320.000000
0.101078 0.013853 2360.000000
0.099370 0.012645 2400.000000
0.098280 0.011604 2440.000000
0.097752 0.010709 2480.000000
0.097738 0.009939 2520.000000
0.098199 0.009279 2560.000000
0.099103 0.008714 2600.000000
0.100424 0.008231 2640.000000
0.102141 0.007821 2680.000000
0.104237 0.007476 2720.000000
0.106701 0.007187 2760.000000
0.109523 0.006948 2800.000000
0.112699 0.006754 2840.000000
0.116225 0.006601 2880.000000
0.120101 0.006484 2920.000000
0.124329 0.006401 2960.000000
0.128912 0.006349 3000.000000
0.133856 0.006326 3040.000000
0.139169 0.006331 3080.000000
0.144859 0.006360 3120.000000
0.150936 0.006415 3160.000000
0.157412 0.006493 3200.000000
0.164300 0.006594 3240.000000
0.171614 0.006717 3280.000000
0.179369 0.006863 3320.000000
0.187582 0.007031 3360.000000
0.196270 0.007222 3400.000000
0.205453 0.007434 3440.000000
0.215150 0.007670 3480.000000
0.225384 0.007928 3520.000000
0.236176 0.008210 3560.000000
0.247551 0.008515 3600.000000
0.259535 0.008845 3640.000000
0.272153 0.009201 3680.000000
0.285435 0.009582 3720.000000
0.299409 0.009990 3760.000000
0.314108 0.010425 3800.000000
0.329564 0.010889 3840.000000
0.345812 0.011382 3880.000000
0.362889 0.011906 3920.000000
0.380833 0.012462 3960.000000
0.399684 0.013050 4000.000000
0.419485 0.013673 4040.000000
0.440281 0.014331 4080.000000
0.462118 0.015026 4120.000000
0.485047 0.015759 4160.000000
0.509119 0.016532 4200.000000
0.534389 0.017347 4240.000000
0.560914 0.018204 4280.000000
0.588757 0.019107 4320.000000
0.617979 0.020056 4360.000000
0.648649 0.021055 4400.000000
0.680837 0.022104 4440.000000
0.714617 0.023206 4480.000000
0.750068 0.024363 4520.000000
0.787272 0.025579 4560.000000
0.826315 0.026854 4600.000000
0.867288 0.028193 4640.000000
0.910286 0.029598 4680.000000
0.955412 0.031071 4720.000000
1.002769 0.032617 4760.000000
1.052470 0.034238 4800.000000
1.104632 0.035937 4840.000000
1.159378 0.037719 4880.000000
1.216837 0.039588 4920.000000
1.277146 0.041546 4960.000000
1.340449 0.043599 5000.000000
1.406895 0.045750 5040.000000
1.476645 0.048005 5080.000000
1.549865 0.050368 5120.000000
1.626730 0.052845 5160.000000
1.707427 0.055440 5200.000000
1.792149 0.058159 5240.000000
1.881101 0.061008 5280.000000
1.974500 0.063993 5320.000000
2.072572 0.067121 5360.000000
2.175556 0.070399 5400.000000
2.283702 0.073834 5440.000000
2.397275 0.077433 5480.000000
2.516553 0.081205 5520.000000
2.641829 0.085158 5560.000000
2.773409 0.089300 5600.000000
2.911619 0.093641 5640.000000
3.056799 0.098190 5680.000000
3.209307 0.102957 5720.000000
3.369523 0.107953 5760.000000
3.537843 0.113189 5800.000000
3.714687 0.118676 5840.000000
3.900493 0.124428 5880.000000
4.095727 0.130455 5920.000000
4.300875 0.136773 5960.000000
4.516452 0.143396 6000.000000
4.742995 0.150338 6040.000000
4.981074 0.157616 6080.000000
5.231285 0.165246 6120.000000
5.494257 0.173246 6160.000000
5.770650 0.181634 6200.000000
6.061160 0.190429 6240.000000
6.366517 0.199652 6280.000000
6.687490 0.209325 6320.000000
7.024885 0.219469 6360.000000
7.379551 0.230111 6400.000000
7.752379 0.241273 6440.000000
8.144305 0.252983 6480.000000
8.556314 0.265269 6520.000000
8.989436 0.278161 6560.000000
9.444757 0.291689 6600.000000
9.923412 0.305887 6640.000000
10.426595 0.320788 6680.000000
10.955557 0.336429 6720.000000
11.511613 0.352847 6760.000000
12.096139 0.370082 6800.000000
12.710582 0.388176 6840.000000
13.356454 0.407171 6880.000000
14.035343 0.427115 6920.000000
14.748912 0.448056 6960.000000
15.498900 0.470044 7000.000000
16.287131 0.493134 7040.000000
17.115509 0.517382 7080.000000
17.986028 0.542848 7120.000000
18.900770 0.569595 7160.000000
19.861912 0.597691 7200.000000
20.871723 0.627205 7240.000000
21.932572 0.658211 7280.000000
23.046931 0.690787 7320.000000
24.217372 0.725013 7360.000000
25.446575 0.760977 7400.000000
26.737331 0.798767 7440.000000
28.092539 0.838479 7480.000000
29.515213 0.880210 7520.000000
31.008483 0.924067 7560.000000
32.575596 0.970159 7600.000000
34.219916 1.018599 7640.000000
35.944928 1.069508 7680.000000
37.754239 1.123010 7720.000000
39.651576 1.179236 7760.000000
41.640792 1.238323 7800.000000
43.725857 1.300413 7840.000000
45.910864 1.365655 7880.000000
48.200025 1.434206 7920.000000
50.597667 1.506228 7960.000000
53.108229 1.581893 8000.000000
55.736260 1.661380 8040.000000
58.486413 1.744873 8080.000000
61.363434 1.832571 8120.000000
64.372163 1.924679 8160.000000
67.517516 2.021411 8200.000000
70.804484 2.122987 8240.000000
74.238118 2.229639 8280.000000
77.823521 2.341607 8320.000000
81.565831 2.459141 8360.000000
85.470210 2.582500 8400.000000
89.541826 2.711952 8440.000000
93.785837 2.847779 8480.000000
98.207371 2.990266 8520.000000
102.811507 3.139717 8560.000000
107.603250 3.296437 8600.000000
112.587515 3.460748 8640.000000
117.769097 3.632979 8680.000000
123.152647 3.813464 8720.000000
128.742652 4.002547 8760.000000
134.543404 4.200585 8800.000000
140.558969 4.407936 8840.000000
146.793160 4.624970 8880.000000
153.249510 4.852057 8920.000000
159.931246 5.089580 8960.000000
166.841239 5.337933 9000.000000
173.981992 5.597517 9040.000000
181.355584 5.868729 9080.000000
188.963656 6.151973 9120.000000
196.807382 6.447653 9160.000000
204.887424 6.756181 9200.000000
213.203918 7.077970 9240.000000
221.756430 7.413427 9280.000000
230.543938 7.762958 9320.000000
239.564802 8.126956 9360.000000
248.816763 8.505827 9400.000000
258.296882 8.899953 9440.000000
268.001551 9.309704 9480.000000
277.926476 9.735447 9520.000000
288.066657 10.177523 9560.000000
298.416389 10.636258 9600.000000
308.969256 11.111950 9640.000000
319.718143 11.604883 9680.000000
330.655224 12.115302 9720.000000
341.771981 12.643435 9760.000000
353.059213 13.189462 9800.000000
364.507059 13.753531 9840.000000
376.105023 14.335745 9880.000000
387.842002 14.936184 9920.000000
399.706303 15.554874 9960.000000
411.685692 16.191796 10000.000000
423.767429 16.846861 10040.000000
435.938327 17.519926 10080.000000
448.184797 18.210782 10120.000000
460.492910 18.919204 10160.000000
472.848408 19.644873 10200.000000
485.236795 20.387396 10240.000000
497.643409 21.146360 10280.000000
510.053442 21.921246 10320.000000
522.452047 22.711508 10360.000000
534.824360 23.516507 10400.000000
547.155600 24.335536 10440.000000
559.431119 25.167830 10480.000000
571.636468 26.012534 10520.000000
583.757479 26.868784 10560.000000
595.780282 27.735646 10600.000000
607.691391 28.612097 10640.000000
619.477760 29.497106 10680.000000
631.126809 30.389547 10720.000000
642.626494 31.288263 10760.000000
653.965367 32.192086 10800.000000
665.132554 33.099821 10840.000000
676.117824 34.010222 10880.000000
686.911618 34.922049 10920.000000
697.505048 35.834056 10960.000000
707.889922 36.744985 11000.000000
718.058761 37.653581 11040.000000
728.004799 38.558600 11080.000000
737.721993 39.458809 11120.000000
747.205012 40.352998 11160.000000
756.449243 41.239976 11200.000000
765.450756 42.118626 11240.000000
774.206297 42.987842 11280.000000
782.713262 43.846567 11320.000000
790.969684 44.693801 11360.000000
798.974197 45.528604 11400.000000
806.726013 46.350081 11440.000000
814.224898 47.157424 11480.000000
821.471120 47.949871 11520.000000
828.465434 48.726717 11560.000000
835.209046 49.487382 11600.000000
841.703553 50.231280 11640.000000
847.950953 50.957951 11680.000000
853.953570 51.666986 11720.000000
859.714040 52.358051 11760.000000
865.235270 53.030866 11800.000000
870.520420 53.685210 11840.000000
875.572880 54.320923 11880.000000
880.396244 54.937897 11920.000000
884.994302 55.536071 11960.000000
889.371009 56.115432 12000.000000
893.530482 56.676001 12040.000000
897.476969 57.217839 12080.000000
901.214850 57.741043 12120.000000
904.748619 58.245750 12160.000000
908.082870 58.732123 12200.000000
911.222286 59.200353 12240.000000
914.171639 59.650660 12280.000000
916.935768 60.083281 12320.000000
919.519581 60.498469 12360.000000
921.928051 60.896493 12400.000000
924.166208 61.277636 12440.000000
926.239136 61.642190 12480.000000
928.151964 61.990457 12520.000000
929.909874 62.322743 12560.000000
931.518086 62.639363 12600.000000
932.981860 62.940634 12640.000000
934.306503 63.226860 12680.000000
935.497365 63.498352 12720.000000
936.559839 63.755421 12760.000000
937.499347 63.998380 12800.000000
938.321337 64.227552 12840.000000
939.031276 64.443257 12880.000000
939.634648 64.645817 12920.000000
940.136939 64.835566 12960.000000
940.543634 65.012831 13000.000000
940.860208 65.177953 13040.000000
941.092120 65.331266 13080.000000
941.244801 65.473113 13120.000000
941.323652 65.603841 13160.000000
941.334024 65.723802 13200.000000
941.281209 65.833347 13240.000000
941.170454 65.932836 13280.000000
941.006930 66.022628 13320.000000
940.795724 66.103086 13360.000000
940.541843 66.174582 13400.000000
940.250187 66.237488 13440.000000
939.925553 66.292181 13480.000000
939.572622 66.339040 13520.000000
939.195954 66.378447 13560.000000
938.799978 66.410786 13600.000000
938.388986 66.436438 13640.000000
937.967131 66.455786 13680.000000
937.538414 66.469215 13720.000000
937.106685 66.477104 13760.000000
936.675636 66.479833 13800.000000
936.248801 66.477777 13840.000000
935.829544 66.471308 13880.000000
935.421067 66.460794 13920.000000
935.026407 66.446592 13960.000000
934.648442 66.429053 14000.000000
934.289888 66.408518 14040.000000
933.953297 66.385318 14080.000000
933.641057 66.359781 14120.000000
933.355399 66.332230 14160.000000
933.098383 66.302978 14200.000000
932.871911 66.272340 14240.000000
932.677711 66.240610 14280.000000
932.517361 66.208078 14320.000000
932.392274 66.175032 14360.000000
932.303710 66.141740 14400.000000
932.252769 66.108461 14440.000000
932.240411 66.075444 14480.000000
932.267445 66.042932 14520.000000
932.334537 66.011150 14560.000000
932.442214 65.980316 14600.000000
932.590870 65.950633 14640.000000
932.780766 65.922292 14680.000000
933.012039 65.895472 14720.000000
933.284706 65.870344 14760.000000
933.598666 65.847064 14800.000000
933.953706 65.825776 14840.000000
934.349508 65.806613 14880.000000
934.785657 65.789693 14920.000000
935.261644 65.775118 14960.000000
935.776880 65.762977 15000.000000
936.330699 65.753346 15040.000000
936.922363 65.746294 15080.000000
937.551068 65.741878 15120.000000
938.215940 65.740145 15160.000000
938.916050 65.741135 15200.000000
939.650412 65.744876 15240.000000
940.417986 65.751393 15280.000000
941.217691 65.760701 15320.000000
942.048400 65.772806 15360.000000
942.908947 65.787708 15400.000000
943.798133 65.805400 15440.000000
944.714724 65.825869 15480.000000
945.657462 65.849093 15520.000000
946.625063 65.875047 15560.000000
947.616225 65.903698 15600.000000
948.629628 65.935012 15640.000000
949.663938 65.968947 15680.000000
950.717806 66.005454 15720.000000
951.789880 66.044488 15760.000000
952.878800 66.085993 15800.000000
953.983203 66.129911 15840.000000
955.101726 66.176185 15880.000000
956.233009 66.224753 15920.000000
957.375693 66.275550 15960.000000
958.528427 66.328509 16000.000000
959.689865 66.383562 16040.000000
960.858673 66.440638 16080.000000
962.033524 66.499668 16120.000000
963.213106 66.560578 16160.000000
964.396117 66.623295 16200.000000
965.581270 66.687747 16240.000000
966.767293 66.753859 16280.000000
967.952924 66.821557 16320.000000
969.136921 66.890772 16360.000000
970.318051 66.961426 16400.000000
971.495105 67.033445 16440.000000
972.666896 67.106746 16480.000000
973.832271 67.181240 16520.000000
974.990113 67.256832 16560.000000
976.139347 67.333424 16600.000000
977.278942 67.410918 16640.000000
978.407905 67.489215 16680.000000
979.525286 67.568221 16720.000000
980.630177 67.647843 16760.000000
981.721711 67.727985 16800.000000
982.799064 67.808562 16840.000000
983.861453 67.889479 16880.000000
984.908142 67.970647 16920.000000
985.938441 68.051976 16960.000000
986.951704 68.133381 17000.000000
987.947331 68.214772 17040.000000
988.924772 68.296066 17080.000000
989.883519 68.377173 17120.000000
990.823118 68.458012 17160.000000
991.743161 68.538505 17200.000000
992.643284 68.618573 17240.000000
993.523169 68.698140 17280.000000
994.382547 68.777131 17320.000000
995.221194 68.855474 17360.000000
996.038931 68.933098 17400.000000
996.835623 69.009939 17440.000000
997.611179 69.085931 17480.000000
998.365551 69.161015 17520.000000
999.098730 69.235134 17560.000000
999.810749 69.308231 17600.000000
1000.501680 69.380259 17640.000000
1001.171628 69.451169 17680.000000
1001.820739 69.520917 17720.000000
1002.449189 69.589466 17760.000000
1003.057187 69.656776 17800.000000
1003.644975 69.722816 17840.000000
1004.212822 69.787555 17880.000000
1004.761024 69.850967 17920.000000
1005.289903 69.913032 17960.000000
1005.799806 69.973729 18000.000000
1006.291102 70.033044 18040.000000
1006.764178 70.090963 18080.000000
1007.219443 70.147477 18120.000000
1007.657322 70.202581 18160.000000
1008.078254 70.256272 18200.000000
1008.482692 70.308551 18240.000000
1008.871102 70.359420 18280.000000
1009.243958 70.408886 18320.000000
1009.601748 70.456956 18360.000000
1009.944961 70.503641 18400.000000
1010.274096 70.548955 18440.000000
1010.589655 70.592914 18480.000000
1010.892144 70.635535 18520.000000
1011.182070 70.676837 18560.000000
1011.459940 70.716842 18600.000000
1011.726262 70.755573 18640.000000
1011.981542 70.793055 18680.000000
1012.226282 70.829313 18720.000000
1012.460982 70.864376 18760.000000
1012.686135 70.898272 18800.000000
1012.902228 70.931030 18840.000000
1013.109743 70.962681 18880.000000
1013.309155 70.993257 18920.000000
1013.500931 71.022790 18960.000000
1013.685528 71.051311 19000.000000
1013.863395 71.078854 19040.000000
1014.034970 71.105453 19080.000000
1014.200682 71.131142 19120.000000
1014.360947 71.155955 19160.000000
1014.516173 71.179924 19200.000000
1014.666753 71.203086 19240.000000
1014.813069 71.225474 19280.000000
1014.955493 71.247121 19320.000000
1015.094382 71.268062 19360.000000
1015.230082 71.288329 19400.000000
1015.362927 71.307956 19440.000000
1015.493235 71.326975 19480.000000
1015.621316 71.345418 19520.000000
1015.747462 71.363318 19560.000000
1015.871956 71.380704 19600.000000
1015.995069 71.397608 19640.000000
1016.117056 71.414059 19680.000000
1016.238158 71.430086 19720.000000
1016.358608 71.445718 19760.000000
1016.478625 71.460983 19800.000000
1016.598416 71.475907 19840.000000
1016.718176 71.490516 19880.000000
1016.838088 71.504837 19920.000000
1016.958323 71.518892 19960.000000
1017.079041 71.532708 20000.000000
1017.200393 71.546305 20040.000000
1017.322517 71.559706 20080.000000
1017.445539 71.572932 20120.000000
1017.569580 71.586005 20160.000000
1017.694746 71.598942 20200.000000
1017.821134 71.611762 20240.000000
1017.948835 71.624485 20280.000000
1018.077930 71.637126 20320.000000
1018.208490 71.649701 20360.000000
1018.340580 71.662227 20400.000000
1018.474254 71.674718 20440.000000
1018.609561 71.687188 20480.000000
1018.746541 71.699649 20520.000000
1018.885228 71.712114 20560.000000
1019.025649 71.724594 20600.000000
1019.167826 71.737100 20640.000000
1019.311774 71.749643 20680.000000
1019.457502 71.762232 20720.000000
1019.605013 71.774875 20760.000000
1019.754307 71.787582 20800.000000
1019.905378 71.800359 20840.000000
1020.058217 71.813212 20880.000000
1020.212808 71.826150 20920.000000
1020.369132 71.839178 20960.000000
1020.527169 71.852300 21000.000000
1020.686893 71.865521 21040.000000
1020.848275 71.878847 21080.000000
1021.011286 71.892279 21120.000000
1021.175893 71.905821 21160.000000
1021.342059 71.919476 21200.000000
1021.509749 71.933246 21240.000000
1021.678924 71.947133 21280.000000
1021.849544 71.961139 21320.000000
1022.021567 71.975264 21360.000000
1022.194951 71.989510 21400.000000
1022.369651 72.003878 21440.000000
1022.545622 72.018369 21480.000000
1022.722814 72.032984 21520.000000
1022.901180 72.047724 21560.000000
1023.080668 72.062591 21600.000000
1023.261224 72.077584 21640.000000
1023.442795 72.092705 21680.000000
1023.625321 72.107955 21720.000000
1023.808742 72.123336 21760.000000
1023.992994 72.138850 21800.000000
1024.178005 72.154500 21840.000000
1024.363701 72.170288 21880.000000
1024.550000 72.186217 21920.000000
1024.736819 72.202288 21960.000000
1024.924073 72.218498 22000.000000
1025.111682 72.234839 22040.000000
1025.299577 72.251299 22080.000000
1025.487690 72.267865 22120.000000
1025.675965 72.284526 22160.000000
1025.864347 72.301273 22200.000000
1026.052787 72.318097 22240.000000
1026.241236 72.334993 22280.000000
1026.429647 72.351954 22320.000000
1026.617975 72.368977 22360.000000
1026.806176 72.386058 22400.000000
1026.994204 72.403194 22440.000000
1027.182016 72.420382 22480.000000
1027.369573 72.437616 22520.000000
1027.556839 72.454890 22560.000000
1027.743782 72.472195 22600.000000
1027.930377 72.489523 22640.000000
1028.116602 72.506869 22680.000000
1028.302439 72.524225 22720.000000
1028.487873 72.541588 22760.000000
1028.672892 72.558951 22800.000000
1028.857487 72.576311 22840.000000
1029.041651 72.593665 22880.000000
1029.225378 72.611009 22920.000000
1029.408666 72.628341 22960.000000
1029.591514 72.645656 23000.000000
1029.773924 72.662954 23040.000000
1029.955898 72.680231 23080.000000
1030.137443 72.697486 23120.000000
1030.318564 72.714717 23160.000000
1030.499271 72.731921 23200.000000
1030.679571 72.749098 23240.000000
1030.859478 72.766247 23280.000000
1031.039003 72.783364 23320.000000
1031.218161 72.800452 23360.000000
1031.396967 72.817507 23400.000000
1031.575436 72.834530 23440.000000
1031.753588 72.851521 23480.000000
1031.931437 72.868479 23520.000000
1032.109005 72.885402 23560.000000
1032.286310 72.902292 23600.000000
1032.463374 72.919149 23640.000000
1032.640217 72.935971 23680.000000
1032.816861 72.952760 23720.000000
1032.993331 72.969517 23760.000000
1033.169649 72.986241 23800.000000
1033.345837 73.002935 23840.000000
1033.521916 73.019598 23880.000000
1033.697914 73.036230 23920.000000
1033.873853 73.052833 23960.000000
1034.049758 73.069409 24000.000000
1034.225652 73.085959 24040.000000
1034.401561 73.102483 24080.000000
1034.577508 73.118983 24120.000000
1034.753518 73.135462 24160.000000
1034.929612 73.151918 24200.000000
1035.105816 73.168354 24240.000000
1035.282154 73.184771 24280.000000
1035.458647 73.201171 24320.000000
1035.635320 73.217556 24360.000000
1035.812196 73.233927 24400.000000
1035.989296 73.250286 24440.000000
1036.166643 73.266634 24480.000000
1036.344258 73.282974 24520.000000
1036.522163 73.299306 24560.000000
1036.700380 73.315632 24600.000000
1036.878927 73.331954 24640.000000
1037.057826 73.348273 24680.000000
1037.237096 73.364593 24720.000000
1037.416756 73.380914 24760.000000
1037.596824 73.397237 24800.000000
1037.777318 73.413564 24840.000000
1037.958257 73.429897 24880.000000
1038.139658 73.446237 24920.000000
1038.321536 73.462587 24960.000000
1038.503908 73.478948 25000.000000
1038.686789 73.495320 25040.000000
1038.870196 73.511707 25080.000000
1039.054141 73.528110 25120.000000
1039.238639 73.544528 25160.000000
1039.423703 73.560965 25200.000000
1039.609347 73.577421 25240.000000
1039.795583 73.593897 25280.000000
1039.982423 73.610397 25320.000000
1040.169878 73.626919 25360.000000
1040.357961 73.643466 25400.000000
1040.546681 73.660039 25440.000000
1040.736050 73.676639 25480.000000
1040.926076 73.693267 25520.000000
1041.116770 73.709925 25560.000000
1041.308139 73.726613 25600.000000
1041.500194 73.743332 25640.000000
1041.692942 73.760084 25680.000000
1041.886391 73.776870 25720.000000
1042.080549 73.793689 25760.000000
1042.275423 73.810543 25800.000000
1042.471019 73.827433 25840.000000
1042.667345 73.844360 25880.000000
1042.864407 73.861324 25920.000000
1043.062210 73.878327 25960.000000
1043.260761 73.895368 26000.000000
1043.460065 73.912449 26040.000000
1043.660128 73.929570 26080.000000
1043.860954 73.946731 26120.000000
1044.062548 73.963934 26160.000000
1044.264916 73.981178 26200.000000
1044.468062 73.998466 26240.000000
1044.671989 74.015795 26280.000000
1044.876701 74.033168 26320.000000
1045.082203 74.050584 26360.000000
1045.288499 74.068044 26400.000000
1045.495593 74.085548 26440.000000
1045.703489 74.103097 26480.000000
1045.912189 74.120691 26520.000000
1046.121697 74.138330 26560.000000
1046.332017 74.156015 26600.000000
1046.543152 74.173745 26640.000000
1046.755105 74.191521 26680.000000
1046.967880 74.209344 26720.000000
1047.181479 74.227213 26760.000000
1047.395906 74.245128 26800.000000
1047.611163 74.263090 26840.000000
1047.827254 74.281099 26880.000000
1048.044182 74.299155 26920.000000
1048.261949 74.317257 26960.000000
1048.480559 74.335408 27000.000000
1048.700015 74.353605 27040.000000
1048.920319 74.371850 27080.000000
1049.141474 74.390142 27120.000000
1049.363484 74.408482 27160.000000
1049.586352 74.426869 27200.000000
1049.810080 74.445304 27240.000000
1050.034673 74.463786 27280.000000
1050.260133 74.482316 27320.000000
1050.486462 74.500894 27360.000000
1050.713664 74.519520 27400.000000
1050.941743 74.538193 27440.000000
1051.170701 74.556914 27480.000000
1051.400542 74.575684 27520.000000
1051.631269 74.594501 27560.000000
1051.862884 74.613366 27600.000000
1052.095392 74.632278 27640.000000
1052.328794 74.651239 27680.000000
1052.563096 74.670248 27720.000000
1052.798300 74.689304 27760.000000
1053.034408 74.708409 27800.000000
1053.271426 74.727562 27840.000000
1053.509356 74.746762 27880.000000
1053.748200 74.766011 27920.000000
1053.987963 74.785307 27960.000000
1054.228648 74.804651 28000.000000
1054.470259 74.824044 28040.000000
1054.712799 74.843484 28080.000000
1054.956271 74.862973 28120.000000
1055.200678 74.882509 28160.000000
1055.446024 74.902094 28200.000000
1055.692312 74.921726 28240.000000
1055.939546 74.941407 28280.000000
1056.187728 74.961136 28320.000000
1056.436861 74.980913 28360.000000
1056.686950 75.000737 28400.000000
1056.937997 75.020611 28440.000000
1057.190006 75.040532 28480.000000
1057.442979 75.060500 28520.000000
1057.696920 75.080517 28560.000000
1057.951833 75.100582 28600.000000
1058.207720 75.120694 28640.000000
1058.464584 75.140855 28680.000000
1058.722428 75.161065 28720.000000
1058.981255 75.181322 28760.000000
1059.241068 75.201628 28800.000000
1059.501868 75.221981 28840.000000
1059.763660 75.242383 28880.000000
1060.026446 75.262832 28920.000000
1060.290228 75.283330 28960.000000
1060.555008 75.303876 29000.000000
1060.820790 75.324470 29040.000000
1061.087575 75.345111 29080.000000
1061.355366 75.365802 29120.000000
1061.624165 75.386540 29160.000000
1061.893973 75.407326 29200.000000
1062.164793 75.428160 29240.000000
1062.436626 75.449042 29280.000000
1062.709475 75.469972 29320.000000
1062.983340 75.490950 29360.000000
1063.258224 75.511975 29400.000000
1063.534129 75.533048 29440.000000
1063.811054 75.554169 29480.000000
1064.089003 75.575337 29520.000000
1064.367976 75.596553 29560.000000
1064.647974 75.617816 29600.000000
1064.928998 75.639127 29640.000000
1065.211050 75.660485 29680.000000
1065.494130 75.681890 29720.000000
1065.778238 75.703341 29760.000000
1066.063374 75.724839 29800.000000
1066.349543 75.746384 29840.000000
1066.636745 75.767978 29880.000000
1066.924978 75.789618 29920.000000
1067.214240 75.811303 29960.000000
1067.504535 75.833034 30000.000000
1067.795861 75.854812 30040.000000
1068.088220 75.876636 30080.000000
1068.381611 75.898506 30120.000000
1068.676033 75.920421 30160.000000
1068.971489 75.942382 30200.000000
1069.267976 75.964388 30240.000000
1069.565495 75.986440 30280.000000
1069.864046 76.008536 30320.000000
1070.163628 76.030677 30360.000000
1070.464241 76.052863 30400.000000
1070.765884 76.075093 30440.000000
1071.068557 76.097367 30480.000000
1071.372259 76.119684 30520.000000
1071.676991 76.142046 30560.000000
1071.982751 76.164450 30600.000000
1072.289539 76.186898 30640.000000
1072.597355 76.209388 30680.000000
1072.906198 76.231921 30720.000000
1073.216067 76.254497 30760.000000
1073.526961 76.277114 30800.000000
1073.838882 76.299774 30840.000000
1074.151827 76.322474 30880.000000
1074.465796 76.345216 30920.000000
1074.780790 76.367999 30960.000000
1075.096808 76.390823 31000.000000
1075.413848 76.413686 31040.000000
1075.731912 76.436590 31080.000000
1076.050999 76.459533 31120.000000
1076.371110 76.482516 31160.000000
1076.692244 76.505538 31200.000000
1077.014401 76.528599 31240.000000
1077.337582 76.551698 31280.000000
1077.661787 76.574836 31320.000000
1077.987015 76.598012 31360.000000
1078.313269 76.621225 31400.000000
1078.640548 76.644476 31440.000000
1078.968853 76.667764 31480.000000
1079.298185 76.691089 31520.000000
1079.628546 76.714450 31560.000000
1079.959935 76.737848 31600.000000
1080.292355 76.761281 31640.000000
1080.625807 76.784751 31680.000000
1080.960294 76.808257 31720.000000
1081.295815 76.831798 31760.000000
1081.632375 76.855374 31800.000000
1081.969975 76.878986 31840.000000
1082.308617 76.902633 31880.000000
1082.648303 76.926315 31920.000000
1082.989035 76.950032 31960.000000
1083.330817 76.973784 32000.000000
1083.673649 76.997571 32040.000000
1084.017537 77.021392 32080.000000
1084.362481 77.045249 32120.000000
1084.708485 77.069141 32160.000000
1085.055552 77.093068 32200.000000
1085.403684 77.117031 32240.000000
1085.752884 77.141029 32280.000000
1086.103157 77.165062 32320.000000
1086.454503 77.189132 32360.000000
1086.806925 77.213238 32400.000000
1087.160427 77.237381 32440.000000
1087.515011 77.261562 32480.000000
1087.870677 77.285780 32520.000000
1088.227430 77.310037 32560.000000
1088.585269 77.334332 32600.000000
1088.944195 77.358666 32640.000000
1089.304210 77.383041 32680.000000
1089.665314 77.407457 32720.000000
1090.027506 77.431915 32760.000000
1090.390786 77.456416 32800.000000
1090.755152 77.480961 32840.000000
1091.120602 77.505550 32880.000000
1091.487131 77.530185 32920.000000
1091.854738 77.554867 32960.000000
1092.223415 77.579597 33000.000000
1092.593157 77.604377 33040.000000
1092.963958 77.629207 33080.000000
1093.335807 77.654089 33120.000000
1093.708697 77.679025 33160.000000
1094.082616 77.704015 33200.000000
1094.457550 77.729062 33240.000000
1094.833486 77.754166 33280.000000
1095.210410 77.779330 33320.000000
1095.588302 77.804554 33360.000000
1095.967144 77.829839 33400.000000
1096.346916 77.855188 33440.000000
1096.727594 77.880602 33480.000000
1097.109156 77.906081 33520.000000
1097.491575 77.931628 33560.000000
1097.874823 77.957243 33600.000000
1098.258869 77.982927 33640.000000
1098.643683 78.008682 33680.000000
1099.029231 78.034509 33720.000000
1099.415476 78.060407 33760.000000
1099.802384 78.086377 33800.000000
1100.189915 78.112420 33840.000000
1100.578028 78.138537 33880.000000
1100.966681 78.164726 33920.000000
1101.355832 78.190988 33960.000000
1101.745435 78.217322 34000.000000
1102.135445 78.243728 34040.000000
1102.525815 78.270205 34080.000000
1102.916497 78.296752 34120.000000
1103.307444 78.323366 34160.000000
1103.698605 78.350048 34200.000000
1104.089930 78.376794 34240.000000
1104.481371 78.403603 34280.000000
1104.872876 78.430473 34320.000000
1105.264396 78.457401 34360.000000
1105.655880 78.484384 34400.000000
1106.047280 78.511420 34440.000000
1106.438545 78.538504 34480.000000
1106.829629 78.565633 34520.000000
1107.220484 78.592805 34560.000000
1107.611064 78.620014 34600.000000
1108.001324 78.647257 34640.000000
1108.391220 78.674531 34680.000000
1108.780712 78.701829 34720.000000
1109.169759 78.729149 34760.000000
1109.558323 78.756485 34800.000000
1109.946368 78.783832 34840.000000
1110.333861 78.811186 34880.000000
1110.720771 78.838542 34920.000000
1111.107069 78.865894 34960.000000
1111.492730 78.893238 35000.000000
1111.877731 78.920568 35040.000000
1112.262053 78.947879 35080.000000
1112.645679 78.975165 35120.000000
1113.028596 79.002423 35160.000000
1113.410794 79.029646 35200.000000
1113.792267 79.056829 35240.000000
1114.173011 79.083967 35280.000000
1114.553028 79.111056 35320.000000
1114.932321 79.138091 35360.000000
1115.310898 79.165067 35400.000000
1115.688771 79.191979 35440.000000
1116.065954 79.218823 35480.000000
1116.442466 79.245596 35520.000000
1116.818328 79.272293 35560.000000
1117.193567 79.298910 35600.000000
1117.568210 79.325445 35640.000000
1117.942291 79.351895 35680.000000
1118.315843 79.378256 35720.000000
1118.688905 79.404526 35760.000000
1119.061518 79.430704 35800.000000
1119.433726 79.456787 35840.000000
1119.805574 79.482774 35880.000000
1120.177112 79.508664 35920.000000
1120.548390 79.534457 35960.000000
1120.919461 79.560151 36000.000000
1121.290378 79.585748 36040.000000
1121.661197 79.611247 36080.000000
1122.031977 79.636649 36120.000000
1122.402775 79.661957 36160.000000
1122.773650 79.687170 36200.000000
1123.144662 79.712291 36240.000000
1123.515872 79.737323 36280.000000
1123.887339 79.762268 36320.000000
1124.259121 79.787128 36360.000000
1124.631279 79.811907 36400.000000
1125.003872 79.836609 36440.000000
1125.376956 79.861238 36480.000000
1125.750588 79.885797 36520.000000
1126.124824 79.910291 36560.000000
1126.499716 79.934725 36600.000000
1126.875317 79.959104 36640.000000
1127.251676 79.983432 36680.000000
1127.628839 80.007715 36720.000000
1128.006851 80.031958 36760.000000
1128.385754 80.056168 36800.000000
1128.765587 80.080349 36840.000000
1129.146382 80.104508 36880.000000
1129.528174 80.128650 36920.000000
1129.910991 80.152781 36960.000000
1130.294858 80.176907 37000.000000
1130.679797 80.201035 37040.000000
1131.065823 80.225169 37080.000000
1131.452951 80.249316 37120.000000
1131.841190 80.273482 37160.000000
1132.230543 80.297672 37200.000000
1132.621014 80.321892 37240.000000
1133.012597 80.346147 37280.000000
1133.405285 80.370443 37320.000000
1133.799064 80.394784 37360.000000
1134.193919 80.419175 37400.000000
1134.589829 80.443621 37440.000000
1134.986770 80.468126 37480.000000
1135.384710 80.492694 37520.000000
1135.783619 80.517329 37560.000000
1136.183458 80.542034 37600.000000
1136.584185 80.566811 37640.000000
1136.985755 80.591664 37680.000000
1137.388121 80.616595 37720.000000
1137.791231 80.641605 37760.000000
1138.195029 80.666696 37800.000000
1138.599457 80.691869 37840.000000
1139.004454 80.717125 37880.000000
1139.409958 80.742462 37920.000000
1139.815902 80.767882 37960.000000
1140.222220 80.793383 38000.000000
1140.628842 80.818964 38040.000000
1141.035698 80.844623 38080.000000
1141.442716 80.870357 38120.000000
1141.849822 80.896164 38160.000000
1142.256946 80.922041 38200.000000
1142.664014 80.947985 38240.000000
1143.070953 80.973990 38280.000000
1143.477691 81.000054 38320.000000
1143.884158 81.026170 38360.000000
1144.290282 81.052334 38400.000000
1144.695996 81.078540 38440.000000
1145.101233 81.104783 38480.000000
1145.505928 81.131057 38520.000000
1145.910018 81.157354 38560.000000
1146.313445 81.183668 38600.000000
1146.716150 81.209993 38640.000000
1147.118082 81.236321 38680.000000
1147.519189 81.262646 38720.000000
1147.919425 81.288960 38760.000000
1148.318746 81.315255 38800.000000
1148.717115 81.341525 38840.000000
1149.114498 81.367762 38880.000000
1149.510862 81.393958 38920.000000
1149.906182 81.420107 38960.000000
1150.300437 81.446201 39000.000000
1150.693608 81.472232 39040.000000
1151.085684 81.498194 39080.000000
1151.476658 81.524081 39120.000000
1151.866526 81.549886 39160.000000
1152.255289 81.575601 39200.000000
1152.642953 81.601221 39240.000000
1153.029529 81.626740 39280.000000
1153.415033 81.652152 39320.000000
1153.799486 81.677452 39360.000000
1154.182911 81.702636 39400.000000
1154.565337 81.727698 39440.000000
1154.946795 81.752633 39480.000000
1155.327324 81.777439 39520.000000
1155.706967 81.802112 39560.000000
1156.085765 81.826648 39600.000000
1156.463769 81.851045 39640.000000
1156.841029 81.875300 39680.000000
1157.217602 81.899412 39720.000000
1157.593545 81.923379 39760.000000
1157.968919 81.947200 39800.000000
1158.343787 81.970873 39840.000000
1158.718217 81.994399 39880.000000
1159.092276 82.017778 39920.000000
1159.466035 82.041011 39960.000000
1159.839567 82.064097 40000.000000
1160.212945 82.087039 40040.000000
1160.586245 82.109838 40080.000000
1160.959544 82.132496 40120.000000
1161.332917 82.155017 40160.000000
1161.706443 82.177401 40200.000000
1162.080202 82.199653 40240.000000
1162.454271 82.221776 40280.000000
1162.828728 82.243773 40320.000000
1163.203652 82.265650 40360.000000
1163.579121 82.287409 40400.000000
1163.955212 82.309056 40440.000000
1164.332001 82.330596 40480.000000
1164.709565 82.352033 40520.000000
1165.087976 82.373372 40560.000000
1165.467308 82.394620 40600.000000
1165.847631 82.415782 40640.000000
1166.229015 82.436864 40680.000000
1166.611527 82.457872 40720.000000
1166.995233 82.478812 40760.000000
1167.380195 82.499690 40800.000000
1167.766471 82.520513 40840.000000
1168.154121 82.541287 40880.000000
1168.543200 82.562019 40920.000000
1168.933758 82.582715 40960.000000
1169.325847 82.603382 41000.000000
1169.719511 82.624025 41040.000000
1170.114793 82.644653 41080.000000
1170.511736 82.665272 41120.000000
1170.910372 82.685887 41160.000000
1171.310735 82.706505 41200.000000
1171.712855 82.727133 41240.000000
1172.116758 82.747778 41280.000000
1172.522467 82.768445 41320.000000
1172.929999 82.789139 41360.000000
1173.339372 82.809869 41400.000000
1173.750595 82.830638 41440.000000
1174.163677 82.851452 41480.000000
1174.578624 82.872318 41520.000000
1174.995436 82.893240 41560.000000
1175.414110 82.914224 41600.000000
1175.834641 82.935273 41640.000000
1176.257019 82.956393 41680.000000
1176.681231 82.977587 41720.000000
1177.107263 82.998861 41760.000000
1177.535095 83.020218 41800.000000
1177.964705 83.041661 41840.000000
1178.396067 83.063194 41880.000000
1178.829154 83.084819 41920.000000
1179.263937 83.106539 41960.000000
1179.700381 83.128358 42000.000000
1180.138452 83.150276 42040.000000
1180.578113 83.172296 42080.000000
1181.019322 83.194419 42120.000000
1181.462037 83.216647 42160.000000
1181.906216 83.238981 42200.000000
1182.351812 83.261421 42240.000000
1182.798779 83.283968 42280.000000
1183.247068 83.306623 42320.000000
1183.696629 83.329384 42360.000000
1184.147410 83.352252 42400.000000
1184.599363 83.375227 42440.000000
1185.052431 83.398308 42480.000000
1185.506561 83.421494 42520.000000
1185.961700 83.444784 42560.000000
1186.417793 83.468176 42600.000000
1186.874783 83.491670 42640.000000
1187.332615 83.515264 42680.000000
1187.791232 83.538957 42720.000000
1188.250578 83.562746 42760.000000
1188.710597 83.586630 42800.000000
1189.171230 83.610607 42840.000000
1189.632422 83.634675 42880.000000
1190.094113 83.658832 42920.000000
1190.556246 83.683077 42960.000000
1191.018766 83.707407 43000.000000
1191.481611 83.731819 43040.000000
1191.944726 83.756313 43080.000000
1192.408052 83.780885 43120.000000
1192.871531 83.805535 43160.000000
1193.335103 83.830259 43200.000000
1193.798710 83.855055 43240.000000
1194.262293 83.879922 43280.000000
1194.725792 83.904858 43320.000000
1195.189148 83.929860 43360.000000
1195.652300 83.954926 43400.000000
1196.115189 83.980053 43440.000000
1196.577752 84.005241 43480.000000
1197.039932 84.030487 43520.000000
1197.501664 84.055788 43560.000000
1197.962888 84.081143 43600.000000
1198.423541 84.106548 43640.000000
1198.883563 84.132001 43680.000000
1199.342890 84.157501 43720.000000
1199.801459 84.183044 43760.000000
1200.259210 84.208627 43800.000000
1200.716078 84.234249 43840.000000
1201.172003 84.259905 43880.000000
1201.626921 84.285594 43920.000000
1202.080770 84.311311 43960.000000
1202.533489 84.337054 44000.000000
1202.985018 84.362820 44040.000000
1203.435295 84.388604 44080.000000
1203.884260 84.414404 44120.000000
1204.331854 84.440216 44160.000000
1204.778019 84.466035 44200.000000
1205.222697 84.491858 44240.000000
1205.665833 84.517681 44280.000000
1206.107372 84.543499 44320.000000
1206.547259 84.569309 44360.000000
1206.985446 84.595106 44400.000000
1207.421878 84.620885 44440.000000
1207.856509 84.646642 44480.000000
1208.289293 84.672373 44520.000000
1208.720182 84.698072 44560.000000
1209.149136 84.723735 44600.000000
1209.576113 84.749357 44640.000000
1210.001075 84.774933 44680.000000
1210.423985 84.800458 44720.000000
1210.844810 84.825927 44760.000000
1211.263521 84.851337 44800.000000
1211.680087 84.876681 44840.000000
1212.094483 84.901956 44880.000000
1212.506685 84.927155 44920.000000
1212.916672 84.952275 44960.000000
1213.324428 84.977310 45000.000000
1213.729938 85.002257 45040.000000
1214.133187 85.027110 45080.000000
1214.534170 85.051866 45120.000000
1214.932878 85.076520 45160.000000
1215.329308 85.101067 45200.000000
1215.723458 85.125505 45240.000000
1216.115332 85.149829 45280.000000
1216.504935 85.174035 45320.000000
1216.892273 85.198120 45360.000000
1217.277358 85.222081 45400.000000
1217.660202 85.245914 45440.000000
1218.040821 85.269616 45480.000000
1218.419233 85.293185 45520.000000
1218.795459 85.316619 45560.000000
1219.169522 85.339914 45600.000000
1219.541447 85.363069 45640.000000
1219.911263 85.386082 45680.000000
1220.278999 85.408953 45720.000000
1220.644686 85.431678 45760.000000
1221.008358 85.454258 45800.000000
1221.370051 85.476690 45840.000000
1221.729801 85.498976 45880.000000
1222.087648 85.521113 45920.000000
1222.443630 85.543103 45960.000000
1222.797790 85.564945 46000.000000
1223.150168 85.586641 46040.000000
1223.500810 85.608189 46080.000000
1223.849759 85.629592 46120.000000
1224.197058 85.650851 46160.000000
1224.542755 85.671967 46200.000000
1224.886894 85.692941 46240.000000
1225.229521 85.713775 46280.000000
1225.570682 85.734473 46320.000000
1225.910423 85.755035 46360.000000
1226.248789 85.775464 46400.000000
1226.585825 85.795763 46440.000000
1226.921576 85.815935 46480.000000
1227.256086 85.835983 46520.000000
1227.589398 85.855909 46560.000000
1227.921554 85.875719 46600.000000
1228.252595 85.895414 46640.000000
1228.582560 85.914999 46680.000000
1228.911488 85.934478 46720.000000
1229.239414 85.953853 46760.000000
1229.566376 85.973129 46800.000000
1229.892405 85.992310 46840.000000
1230.217533 86.011401 46880.000000
1230.541790 86.030405 46920.000000
1230.865204 86.049326 46960.000000
1231.187798 86.068169 47000.000000
1231.509597 86.086938 47040.000000
1231.830621 86.105637 47080.000000
1232.150889 86.124271 47120.000000
1232.470415 86.142843 47160.000000
1232.789214 86.161358 47200.000000
1233.107296 86.179820 47240.000000
1233.424668 86.198232 47280.000000
1233.741336 86.216600 47320.000000
1234.057303 86.234926 47360.000000
1234.372569 86.253214 47400.000000
1234.687130 86.271469 47440.000000
1235.000982 86.289693 47480.000000
1235.314116 86.307891 47520.000000
1235.626521 86.326064 47560.000000
1235.938182 86.344217 47600.000000
1236.249084 86.362353 47640.000000
1236.559208 86.380473 47680.000000
1236.868531 86.398580 47720.000000
1237.177029 86.416678 47760.000000
1237.484675 86.434767 47800.000000
1237.791441 86.452850 47840.000000
1238.097295 86.470929 47880.000000
1238.402204 86.489004 47920.000000
1238.706130 86.507078 47960.000000
1239.009038 86.525151 48000.000000
1239.310886 86.543223 48040.000000
1239.611632 86.561296 48080.000000
1239.911235 86.579369 48120.000000
1240.209648 86.597442 48160.000000
1240.506827 86.615515 48200.000000
1240.802722 86.633587 48240.000000
1241.097286 86.651657 48280.000000
1241.390469 86.669724 48320.000000
1241.682223 86.687787 48360.000000
1241.972495 86.705844 48400.000000
1242.261235 86.723893 48440.000000
1242.548393 86.741931 48480.000000
1242.833915 86.759957 48520.000000
1243.117753 86.777966 48560.000000
1243.399855 86.795957 48600.000000
1243.680171 86.813926 48640.000000
1243.958654 86.831869 48680.000000
1244.235253 86.849783 48720.000000
1244.509924 86.867663 48760.000000
1244.782619 86.885506 48800.000000
1245.053297 86.903308 48840.000000
1245.321914 86.921063 48880.000000
1245.588430 86.938768 48920.000000
1245.852807 86.956417 48960.000000
1246.115011 86.974006 49000.000000
1246.375006 86.991530 49040.000000
1246.632763 87.008983 49080.000000
1246.888253 87.026362 49120.000000
1247.141452 87.043660 49160.000000
1247.392336 87.060873 49200.000000
1247.640886 87.077995 49240.000000
1247.887087 87.095022 49280.000000
1248.130925 87.111948 49320.000000
1248.372390 87.128769 49360.000000
1248.611475 87.145480 49400.000000
1248.848178 87.162076 49440.000000
1249.082498 87.178553 49480.000000
1249.314440 87.194905 49520.000000
1249.544008 87.211130 49560.000000
1249.771215 87.227222 49600.000000
1249.996072 87.243177 49640.000000
1250.218597 87.258993 49680.000000
1250.438809 87.274666 49720.000000
1250.656732 87.290192 49760.000000
1250.872391 87.305568 49800.000000
1251.085815 87.320793 49840.000000
1251.297036 87.335862 49880.000000
1251.506089 87.350775 49920.000000
1251.713010 87.365528 49960.000000
1251.917839 87.380122 50000.000000
1252.120618 87.394553 50040.000000
1252.321391 87.408821 50080.000000
1252.520206 87.422927 50120.000000
1252.717109 87.436868 50160.000000
1252.912151 87.450644 50200.000000
1253.105385 87.464257 50240.000000
1253.296862 87.477706 50280.000000
1253.486637 87.490993 50320.000000
1253.674767 87.504117 50360.000000
1253.861308 87.517080 50400.000000
1254.046317 87.529884 50440.000000
1254.229853 87.542530 50480.000000
1254.411974 87.555021 50520.000000
1254.592739 87.567359 50560.000000
1254.772207 87.579545 50600.000000
1254.950439 87.591584 50640.000000
1255.127492 87.603477 50680.000000
1255.303426 87.615228 50720.000000
1255.478298 87.626840 50760.000000
1255.652168 87.638316 50800.000000
1255.825091 87.649660 50840.000000
1255.997125 87.660876 50880.000000
1256.168325 87.671968 50920.000000
1256.338745 87.682939 50960.000000
1256.508437 87.693793 51000.000000
1256.677455 87.704535 51040.000000
1256.845848 87.715170 51080.000000
1257.013665 87.725700 51120.000000
1257.180954 87.736131 51160.000000
1257.347761 87.746467 51200.000000
1257.514129 87.756713 51240.000000
1257.680100 87.766872 51280.000000
1257.845716 87.776950 51320.000000
1258.011013 87.786950 51360.000000
1258.176029 87.796877 51400.000000
1258.340797 87.806735 51440.000000
1258.505351 87.816529 51480.000000
1258.669721 87.826263 51520.000000
1258.833934 87.835940 51560.000000
1258.998016 87.845566 51600.000000
1259.161993 87.855144 51640.000000
1259.325885 87.864677 51680.000000
1259.489713 87.874171 51720.000000
1259.653493 87.883627 51760.000000
1259.817243 87.893051 51800.000000
1259.980974 87.902445 51840.000000
1260.144699 87.911812 51880.000000
1260.308428 87.921156 51920.000000
1260.472168 87.930480 51960.000000
1260.635925 87.939786 52000.000000
1260.799704 87.949078 52040.000000
1260.963505 87.958357 52080.000000
1261.127330 87.967626 52120.000000
1261.291178 87.976887 52160.000000
1261.455046 87.986142 52200.000000
1261.618930 87.995394 52240.000000
1261.782824 88.004643 52280.000000
1261.946722 88.013891 52320.000000
1262.110616 88.023140 52360.000000
1262.274496 88.032390 52400.000000
1262.438352 88.041643 52440.000000
1262.602173 88.050899 52480.000000
1262.765947 88.060159 52520.000000
1262.929661 88.069423 52560.000000
1263.093300 88.078693 52600.000000
1263.256852 88.087967 52640.000000
1263.420302 88.097246 52680.000000
1263.583633 88.106530 52720.000000
1263.746833 88.115818 52760.000000
1263.909883 88.125111 52800.000000
1264.072770 88.134407 52840.000000
1264.235477 88.143706 52880.000000
1264.397989 88.153007 52920.000000
1264.560289 88.162309 52960.000000
1264.722364 88.171612 53000.000000
1264.884197 88.180913 53040.000000
1265.045775 88.190213 53080.000000
1265.207082 88.199509 53120.000000
1265.368107 88.208802 53160.000000
1265.528834 88.218088 53200.000000
1265.689253 88.227367 53240.000000
1265.849351 88.236637 53280.000000
1266.009117 88.245897 53320.000000
1266.168541 88.255146 53360.000000
1266.327614 88.264382 53400.000000
1266.486326 88.273603 53440.000000
1266.644671 88.282809 53480.000000
1266.802642 88.291997 53520.000000
1266.960232 88.301166 53560.000000
1267.117437 88.310314 53600.000000
1267.274253 88.319441 53640.000000
1267.430677 88.328545 53680.000000
1267.586706 88.337624 53720.000000
1267.742340 88.346677 53760.000000
1267.897579 88.355703 53800.000000
1268.052423 88.364702 53840.000000
1268.206875 88.373671 53880.000000
1268.360936 88.382610 53920.000000
1268.514611 88.391518 53960.000000
1268.667903 88.400394 54000.000000
1268.820818 88.409238 54040.000000
1268.973362 88.418048 54080.000000
1269.125541 88.426824 54120.000000
1269.277363 88.435566 54160.000000
1269.428836 88.444272 54200.000000
1269.579968 88.452944 54240.000000
1269.730769 88.461581 54280.000000
1269.881248 88.470181 54320.000000
1270.031416 88.478747 54360.000000
1270.181283 88.487276 54400.000000
1270.330859 88.495771 54440.000000
1270.480157 88.504230 54480.000000
1270.629188 88.512654 54520.000000
1270.777963 88.521044 54560.000000
1270.926494 88.529400 54600.000000
1271.074793 88.537723 54640.000000
1271.222873 88.546012 54680.000000
1271.370744 88.554270 54720.000000
1271.518419 88.562497 54760.000000
1271.665910 88.570693 54800.000000
1271.813228 88.578860 54840.000000
1271.960385 88.586998 54880.000000
1272.107391 88.595109 54920.000000
1272.254257 88.603194 54960.000000
1272.400994 88.611253 55000.000000
1272.547610 88.619289 55040.000000
1272.694117 88.627301 55080.000000
1272.840522 88.635292 55120.000000
1272.986834 88.643263 55160.000000
1273.133060 88.651215 55200.000000
1273.279208 88.659149 55240.000000
1273.425283 88.667067 55280.000000
1273.571293 88.674970 55320.000000
1273.717241 88.682860 55360.000000
1273.863133 88.690737 55400.000000
1274.008971 88.698604 55440.000000
1274.154758 88.706462 55480.000000
1274.300495 88.714311 55520.000000
1274.446184 88.722154 55560.000000
1274.591824 88.729991 55600.000000
1274.737416 88.737824 55640.000000
1274.882957 88.745654 55680.000000
1275.028444 88.753483 55720.000000
1275.173874 88.761312 55760.000000
1275.319243 88.769141 55800.000000
1275.464545 88.776972 55840.000000
1275.609773 88.784807 55880.000000
1275.754921 88.792645 55920.000000
1275.899980 88.800489 55960.000000
1276.044942 88.808338 56000.000000
1276.189796 88.816195 56040.000000
1276.334531 88.824059 56080.000000
1276.479136 88.831931 56120.000000
1276.623598 88.839813 56160.000000
1276.767903 88.847704 56200.000000
1276.912038 88.855606 56240.000000
1277.055987 88.863519 56280.000000
1277.199734 88.871443 56320.000000
1277.343263 88.879378 56360.000000
1277.486556 88.887325 56400.000000
1277.629595 88.895284 56440.000000
1277.772362 88.903255 56480.000000
1277.914837 88.911239 56520.000000
1278.057001 88.919234 56560.000000
1278.198832 88.927241 56600.000000
1278.340309 88.935260 56640.000000
1278.481412 88.943290 56680.000000
1278.622117 88.951332 56720.000000
1278.762404 88.959384 56760.000000
1278.902248 88.967446 56800.000000
1279.041627 88.975517 56840.000000
1279.180517 88.983597 56880.000000
1279.318895 88.991685 56920.000000
1279.456737 88.999780 56960.000000
1279.594020 89.007881 57000.000000
1279.730719 89.015987 57040.000000
1279.866810 89.024097 57080.000000
1280.002269 89.032209 57120.000000
1280.137073 89.040323 57160.000000
1280.271199 89.048438 57200.000000
1280.404621 89.056550 57240.000000
1280.537318 89.064661 57280.000000
1280.669268 89.072766 57320.000000
1280.800446 89.080866 57360.000000
1280.930831 89.088958 57400.000000
1281.060403 89.097041 57440.000000
1281.189139 89.105113 57480.000000
1281.317021 89.113171 57520.000000
1281.444027 89.121215 57560.000000
1281.570141 89.129242 57600.000000
1281.695343 89.137250 57640.000000
1281.819616 89.145237 57680.000000
1281.942945 89.153202 57720.000000
1282.065314 89.161141 57760.000000
1282.186708 89.169054 57800.000000
1282.307115 89.176937 57840.000000
1282.426523 89.184790 57880.000000
1282.544920 89.192609 57920.000000
1282.662297 89.200392 57960.000000
1282.778644 89.208139 58000.000000
1282.893956 89.215846 58040.000000
1283.008224 89.223511 58080.000000
1283.121446 89.231134 58120.000000
1283.233616 89.238710 58160.000000
1283.344732 89.246240 58200.000000
1283.454794 89.253720 58240.000000
1283.563801 89.261150 58280.000000
1283.671755 89.268527 58320.000000
1283.778659 89.275850 58360.000000
1283.884517 89.283116 58400.000000
1283.989334 89.290326 58440.000000
1284.093117 89.297476 58480.000000
1284.195873 89.304567 58520.000000
1284.297611 89.311596 58560.000000
1284.398341 89.318563 58600.000000
1284.498076 89.325466 58640.000000
1284.596826 89.332305 58680.000000
1284.694606 89.339078 58720.000000
1284.791429 89.345785 58760.000000
1284.887311 89.352426 58800.000000
1284.982268 89.358999 58840.000000
1285.076317 89.365505 58880.000000
1285.169475 89.371943 58920.000000
1285.261762 89.378313 58960.000000
1285.353196 89.384614 59000.000000
1285.443798 89.390847 59040.000000
1285.533587 89.397012 59080.000000
1285.622586 89.403110 59120.000000
1285.710814 89.409140 59160.000000
1285.798295 89.415103 59200.000000
1285.885050 89.420999 59240.000000
1285.971101 89.426829 59280.000000
1286.056471 89.432594 59320.000000
1286.141183 89.438295 59360.000000
1286.225259 89.443932 59400.000000
1286.308724 89.449507 59440.000000
1286.391598 89.455020 59480.000000
1286.473905 89.460473 59520.000000
1286.555669 89.465867 59560.000000
1286.636910 89.471202 59600.000000
1286.717652 89.476481 59640.000000
1286.797917 89.481704 59680.000000
1286.877725 89.486874 59720.000000
1286.957099 89.491991 59760.000000
1287.036060 89.497057 59800.000000
1287.114626 89.502074 59840.000000
1287.192820 89.507042 59880.000000
1287.270659 89.511965 59920.000000
1287.348163 89.516842 59960.000000
