13.839086 1900.770895 0.000000
226.418488 722.173632 40.000000
224.909606 353.421094 80.000000
197.102292 204.360998 120.000000
171.327087 132.634279 160.000000
151.113115 93.589688 200.000000
135.805434 70.324599 240.000000
124.278079 55.483017 280.000000
115.593702 45.503709 320.000000
109.061293 38.512643 360.000000
104.186004 33.454463 400.000000
100.614204 29.701421 440.000000
98.091416 26.862426 480.000000
96.432791 24.684345 520.000000
95.502927 22.997737 560.000000
95.202046 21.686165 600.000000
95.456438 20.667491 640.000000
96.211854 19.882748 680.000000
97.428786 19.288787 720.000000
99.079149 18.853596 760.000000
101.143856 18.553181 800.000000
103.611067 18.369410 840.000000
106.474876 18.288524 880.000000
109.734365 18.300071 920.000000
113.392887 18.396163 960.000000
117.457527 18.570913 1000.000000
121.938721 18.820033 1040.000000
126.849950 19.140537 1080.000000
132.207534 19.530506 1120.000000
138.030470 19.988926 1160.000000
144.340332 20.515553 1200.000000
151.161193 21.110798 1240.000000
158.519590 21.775696 1280.000000
166.444487 22.511806 1320.000000
174.967275 23.321185 1360.000000
184.121763 24.206346 1400.000000
193.944203 25.170244 1440.000000
204.473289 26.216270 1480.000000
215.750157 27.348218 1520.000000
227.818398 28.570286 1560.000000
240.724049 29.887047 1600.000000
254.515585 31.303478 1640.000000
269.243872 32.824998 1680.000000
284.962090 34.457361 1720.000000
301.725688 36.206731 1760.000000
319.592250 38.079673 1800.000000
338.621341 40.083168 1840.000000
358.874316 42.224507 1880.000000
380.414107 44.511469 1920.000000
403.304898 46.952114 1960.000000
427.611808 49.554892 2000.000000
453.400479 52.328650 2040.000000
480.736542 55.282454 2080.000000
509.685161 58.425813 2120.000000
540.310233 61.768421 2160.000000
572.673757 65.320265 2200.000000
606.834966 69.091379 2240.000000
642.849461 73.092096 2280.000000
680.768120 77.332648 2320.000000
720.636054 81.823305 2360.000000
762.491412 86.574212 2400.000000
806.364082 91.595244 2440.000000
852.274396 96.895954 2480.000000
900.231702 102.485381 2520.000000
950.232982 108.371944 2560.000000
1002.261343 114.563375 2600.000000
1056.284663 121.066237 2640.000000
1112.254255 127.886027 2680.000000
1170.103589 135.026706 2720.000000
1229.747318 142.491059 2760.000000
1291.079962 150.279754 2800.000000
1353.975580 158.391397 2840.000000
1418.287280 166.822420 2880.000000
1483.847122 175.566780 2920.000000
1550.466427 184.615770 2960.000000
1617.936472 193.957798 3000.000000
1686.029723 203.578067 3040.000000
1754.501407 213.459074 3080.000000
1823.091515 223.579581 3120.000000
1891.527506 233.915413 3160.000000
1959.527084 244.438793 3200.000000
2026.801777 255.118759 3240.000000
2093.060543 265.921361 3280.000000
2158.013658 276.809581 3320.000000
2221.376908 287.743957 3360.000000
2282.875589 298.682630 3400.000000
2342.248695 309.581888 3440.000000
2399.252810 320.396669 3480.000000
2453.665722 331.081081 3520.000000
2505.289681 341.588965 3560.000000
2553.954170 351.874592 3600.000000
2599.518104 361.893216 3640.000000
2641.871473 371.601737 3680.000000
2680.936325 380.959348 3720.000000
2716.667092 389.928113 3760.000000
2749.050311 398.473442 3800.000000
2778.103675 406.564916 3840.000000
2803.874537 414.176101 3880.000000
2826.438084 421.285290 3920.000000
2845.894891 427.875620 3960.000000
2862.368264 433.935333 4000.000000
2876.001276 439.457404 4040.000000
2886.953847 444.439731 4080.000000
2895.399629 448.884964 4120.000000
2901.522927 452.800237 4160.000000
2905.515733 456.196837 4200.000000
2907.574912 459.089817 4240.000000
2907.899613 461.497638 4280.000000
2906.688860 463.441659 4320.000000
2904.139460 464.945709 4360.000000
2900.444166 466.035597 4400.000000
2895.790111 466.738687 4440.000000
2890.357516 467.083432 4480.000000
2884.318667 467.098981 4520.000000
2877.837113 466.814793 4560.000000
2871.067105 466.260298 4600.000000
2864.153222 465.464593 4640.000000
2857.230162 464.456170 4680.000000
2850.422697 463.262697 4720.000000
2843.845779 461.910855 4760.000000
2837.604670 460.426175 4800.000000
2831.795218 458.832944 4840.000000
2826.504129 457.154088 4880.000000
2821.809391 455.411152 4920.000000
2817.780625 453.624287 4960.000000
2814.479489 451.812231 5000.000000
2811.960080 449.992320 5040.000000
2810.269333 448.180522 5080.000000
2809.447417 446.391481 5120.000000
2809.528088 444.638555 5160.000000
2810.539069 442.933883 5200.000000
2812.502352 441.288428 5240.000000
2815.434528 439.712061 5280.000000
2819.347048 438.213593 5320.000000
2824.246499 436.800864 5360.000000
2830.134839 435.480804 5400.000000
2837.009587 434.259457 5440.000000
2844.864075 433.142073 5480.000000
2853.687570 432.133151 5520.000000
2863.465470 431.236484 5560.000000
2874.179453 430.455200 5600.000000
2885.807632 429.791815 5640.000000
2898.324697 429.248247 5680.000000
2911.702044 428.825887 5720.000000
2925.907933 428.525637 5760.000000
2940.907575 428.347855 5800.000000
2956.663342 428.292442 5840.000000
2973.134905 428.358855 5880.000000
2990.279410 428.546131 5920.000000
3008.051637 428.852888 5960.000000
3026.404198 429.277348 6000.000000
3045.287741 429.817373 6040.000000
3064.651149 430.470442 6080.000000
3084.441773 431.233669 6120.000000
3104.605683 432.103833 6160.000000
3125.087907 433.077390 6200.000000
3145.832697 434.150485 6240.000000
3166.783791 435.318988 6280.000000
3187.884675 436.578477 6320.000000
3209.078868 437.924275 6360.000000
3230.310199 439.351471 6400.000000
3251.523073 440.854935 6440.000000
3272.662768 442.429360 6480.000000
3293.675657 444.069226 6520.000000
3314.509512 445.768919 6560.000000
3335.113718 447.522629 6600.000000
3355.439545 449.324542 6640.000000
3375.440321 451.168668 6680.000000
3395.071692 453.048984 6720.000000
3414.291793 454.959456 6760.000000
3433.061432 456.894068 6800.000000
3451.344213 458.846776 6840.000000
3469.106697 460.811621 6880.000000
3486.318512 462.782704 6920.000000
3502.952426 464.754221 6960.000000
3518.984425 466.720486 7000.000000
3534.393740 468.676006 7040.000000
3549.162878 470.615402 7080.000000
3563.277615 472.533520 7120.000000
3576.726961 474.425439 7160.000000
3589.503113 476.286465 7200.000000
3601.601380 478.112174 7240.000000
3613.020092 479.898423 7280.000000
3623.760488 481.641356 7320.000000
3633.826601 483.337436 7360.000000
3643.225096 484.983435 7400.000000
3651.965127 486.576490 7440.000000
3660.058172 488.114017 7480.000000
3667.517870 489.593787 7520.000000
3674.359828 491.013923 7560.000000
3680.601447 492.372853 7600.000000
3686.261737 493.669351 7640.000000
3691.361125 494.902517 7680.000000
3695.921271 496.071765 7720.000000
3699.964878 497.176813 7760.000000
3703.515518 498.217675 7800.000000
3706.597449 499.194646 7840.000000
3709.235450 500.108290 7880.000000
3711.454651 500.959416 7920.000000
3713.280385 501.749073 7960.000000
3714.738035 502.478520 8000.000000
3715.852898 503.149218 8040.000000
3716.650055 503.762808 8080.000000
3717.154258 504.321087 8120.000000
3717.389816 504.825995 8160.000000
3717.380500 505.279591 8200.000000
3717.149454 505.684050 8240.000000
3716.719111 506.041621 8280.000000
3716.111142 506.354626 8320.000000
3715.346386 506.625437 8360.000000
3714.444784 506.856450 8400.000000
3713.425381 507.050094 8440.000000
3712.306263 507.208798 8480.000000
3711.104543 507.334984 8520.000000
3709.836340 507.431048 8560.000000
3708.516778 507.499356 8600.000000
3707.159975 507.542227 8640.000000
3705.779055 507.561931 8680.000000
3704.386155 507.560675 8720.000000
3702.992431 507.540594 8760.000000
3701.608088 507.503749 8800.000000
3700.242396 507.452119 8840.000000
3698.903718 507.387599 8880.000000
3697.599536 507.311993 8920.000000
3696.336485 507.227011 8960.000000
3695.120387 507.134270 9000.000000
3693.956284 507.035292 9040.000000
3692.848482 506.931505 9080.000000
3691.800568 506.824226 9120.000000
3690.815484 506.714692 9160.000000
3689.895534 506.604031 9200.000000
3689.042441 506.493290 9240.000000
3688.257381 506.383418 9280.000000
3687.541017 506.275273 9320.000000
3686.893549 506.169628 9360.000000
3686.314741 506.067171 9400.000000
3685.803967 505.968509 9440.000000
3685.360242 505.874171 9480.000000
3684.982258 505.784611 9520.000000
3684.668423 505.700216 9560.000000
3684.416887 505.621301 9600.000000
3684.225577 505.548118 9640.000000
3684.092234 505.480857 9680.000000
3684.014433 505.419661 9720.000000
3683.989616 505.364616 9760.000000
3684.015114 505.315760 9800.000000
3684.088172 505.273088 9840.000000
3684.205978 505.236553 9880.000000
3684.365680 505.206070 9920.000000
3684.564407 505.181525 9960.000000
3684.799286 505.162768 10000.000000
3685.067471 505.149627 10040.000000
3685.366137 505.141897 10080.000000
3685.692520 505.139362 10120.000000
3686.043913 505.141786 10160.000000
3686.417685 505.148922 10200.000000
3686.811288 505.160504 10240.000000
3687.222266 505.176265 10280.000000
3687.648266 505.195924 10320.000000
3688.087041 505.219199 10360.000000
3688.536460 505.245806 10400.000000
3688.994508 505.275459 10440.000000
3689.459292 505.307874 10480.000000
3689.929043 505.342772 10520.000000
3690.402117 505.379875 10560.000000
3690.876996 505.418914 10600.000000
3691.352288 505.459630 10640.000000
3691.826722 505.501766 10680.000000
3692.299156 505.545079 10720.000000
3692.768561 505.589339 10760.000000
3693.234030 505.634323 10800.000000
3693.694766 505.679819 10840.000000
3694.150081 505.725626 10880.000000
3694.599401 505.771567 10920.000000
3695.042240 505.817464 10960.000000
3695.478217 505.863159 11000.000000
3695.907035 505.908507 11040.000000
3696.328485 505.953374 11080.000000
3696.742436 505.997641 11120.000000
3697.148829 506.041199 11160.000000
3697.547674 506.083954 11200.000000
3697.939044 506.125824 11240.000000
3698.323066 506.166736 11280.000000
3698.699919 506.206631 11320.000000
3699.069830 506.245461 11360.000000
3699.433060 506.283187 11400.000000
3699.789909 506.319780 11440.000000
3700.140705 506.355222 11480.000000
3700.485802 506.389500 11520.000000
3700.825571 506.422613 11560.000000
3701.160403 506.454564 11600.000000
3701.490699 506.485365 11640.000000
3701.816868 506.515035 11680.000000
3702.139323 506.543596 11720.000000
3702.458478 506.571077 11760.000000
3702.774745 506.597512 11800.000000
3703.088532 506.622936 11840.000000
3703.400236 506.647391 11880.000000
3703.710248 506.670920 11920.000000
3704.018944 506.693569 11960.000000
3704.326687 506.715385 12000.000000
3704.633826 506.736417 12040.000000
3704.940692 506.756715 12080.000000
3705.247598 506.776329 12120.000000
3705.554839 506.795311 12160.000000
3705.862689 506.813711 12200.000000
3706.171404 506.831580 12240.000000
3706.481218 506.848967 12280.000000
3706.792346 506.865921 12320.000000
3707.104981 506.882489 12360.000000
3707.419297 506.898718 12400.000000
3707.735445 506.914652 12440.000000
3708.053560 506.930334 12480.000000
3708.373753 506.945805 12520.000000
3708.696122 506.961106 12560.000000
3709.020739 506.976271 12600.000000
3709.347664 506.991337 12640.000000
3709.676939 507.006335 12680.000000
3710.008589 507.021298 12720.000000
3710.342624 507.036251 12760.000000
3710.679039 507.051222 12800.000000
3711.017817 507.066236 12840.000000
3711.358927 507.081313 12880.000000
3711.702327 507.096475 12920.000000
3712.047962 507.111739 12960.000000
3712.395768 507.127122 13000.000000
3712.745672 507.142635 13040.000000
3713.097592 507.158291 13080.000000
3713.451440 507.174102 13120.000000
3713.807118 507.190074 13160.000000
3714.164526 507.206215 13200.000000
3714.523555 507.222531 13240.000000
3714.884096 507.239026 13280.000000
3715.246029 507.255701 13320.000000
3715.609239 507.272559 13360.000000
3715.973600 507.289598 13400.000000
3716.338992 507.306820 13440.000000
3716.705289 507.324221 13480.000000
3717.072363 507.341798 13520.000000
3717.440086 507.359547 13560.000000
3717.808333 507.377465 13600.000000
3718.176976 507.395546 13640.000000
3718.545888 507.413782 13680.000000
3718.914944 507.432168 13720.000000
3719.284019 507.450696 13760.000000
3719.652992 507.469358 13800.000000
3720.021744 507.488146 13840.000000
3720.390154 507.507051 13880.000000
3720.758108 507.526065 13920.000000
3721.125494 507.545177 13960.000000
3721.492201 507.564378 14000.000000
3721.858124 507.583659 14040.000000
3722.223160 507.603008 14080.000000
3722.587208 507.622416 14120.000000
3722.950175 507.641873 14160.000000
3723.311967 507.661368 14200.000000
3723.672497 507.680891 14240.000000
3724.031683 507.700431 14280.000000
3724.389444 507.719976 14320.000000
3724.745707 507.739515 14360.000000
3725.100404 507.759039 14400.000000
3725.453470 507.778538 14440.000000
3725.804845 507.798000 14480.000000
3726.154475 507.817416 14520.000000
3726.502310 507.836775 14560.000000
3726.848306 507.856068 14600.000000
3727.192423 507.875285 14640.000000
3727.534627 507.894417 14680.000000
3727.874889 507.913455 14720.000000
3728.213185 507.932390 14760.000000
3728.549495 507.951213 14800.000000
3728.883808 507.969919 14840.000000
3729.216111 507.988498 14880.000000
3729.546403 508.006943 14920.000000
3729.874685 508.025248 14960.000000
3730.200961 508.043408 15000.000000
3730.525240 508.061415 15040.000000
3730.847538 508.079267 15080.000000
3731.167872 508.096957 15120.000000
3731.486264 508.114483 15160.000000
3731.802740 508.131843 15200.000000
3732.117327 508.149032 15240.000000
3732.430058 508.166048 15280.000000
3732.740967 508.182891 15320.000000
3733.050092 508.199559 15360.000000
3733.357472 508.216053 15400.000000
3733.663148 508.232372 15440.000000
3733.967163 508.248518 15480.000000
3734.269562 508.264492 15520.000000
3734.570389 508.280295 15560.000000
3734.869691 508.295931 15600.000000
3735.167513 508.311402 15640.000000
3735.463903 508.326711 15680.000000
3735.758907 508.341863 15720.000000
3736.052570 508.356862 15760.000000
3736.344937 508.371711 15800.000000
3736.636053 508.386416 15840.000000
3736.925961 508.400983 15880.000000
3737.214699 508.415415 15920.000000
3737.502310 508.429719 15960.000000
3737.788831 508.443900 16000.000000
3738.074297 508.457963 16040.000000
3738.358744 508.471917 16080.000000
3738.642200 508.485766 16120.000000
3738.924693 508.499512 16160.000000
3739.206251 508.513166 16200.000000
3739.486898 508.526730 16240.000000
3739.766654 508.540212 16280.000000
3740.045539 508.553617 16320.000000
3740.323566 508.566950 16360.000000
3740.600750 508.580216 16400.000000
3740.877099 508.593421 16440.000000
3741.152620 508.606567 16480.000000
3741.427320 508.619659 16520.000000
3741.701200 508.632701 16560.000000
3741.974261 508.645698 16600.000000
3742.246500 508.658652 16640.000000
3742.517913 508.671565 16680.000000
3742.788495 508.684441 16720.000000
3743.058237 508.697282 16760.000000
3743.327130 508.710089 16800.000000
3743.595162 508.722865 16840.000000
3743.862320 508.735608 16880.000000
3744.128593 508.748321 16920.000000
3744.393966 508.761004 16960.000000
3744.658424 508.773657 17000.000000
3744.921951 508.786278 17040.000000
3745.184534 508.798869 17080.000000
3745.446154 508.811428 17120.000000
3745.706797 508.823954 17160.000000
3745.966447 508.836447 17200.000000
3746.225088 508.848903 17240.000000
3746.482704 508.861322 17280.000000
3746.739282 508.873702 17320.000000
3746.994807 508.886041 17360.000000
3747.249267 508.898337 17400.000000
3747.502648 508.910586 17440.000000
3747.754940 508.922788 17480.000000
3748.006134 508.934939 17520.000000
3748.256219 508.947038 17560.000000
3748.505189 508.959082 17600.000000
3748.753036 508.971068 17640.000000
3748.999755 508.982995 17680.000000
3749.245342 508.994859 17720.000000
3749.489794 509.006658 17760.000000
3749.733111 509.018390 17800.000000
3749.975293 509.030054 17840.000000
3750.216341 509.041647 17880.000000
3750.456257 509.053167 17920.000000
3750.695046 509.064613 17960.000000
3750.932711 509.075983 18000.000000
3751.169259 509.087276 18040.000000
3751.404697 509.098491 18080.000000
3751.639033 509.109626 18120.000000
3751.872276 509.120680 18160.000000
3752.104435 509.131653 18200.000000
3752.335522 509.142544 18240.000000
3752.565547 509.153352 18280.000000
3752.794523 509.164078 18320.000000
3753.022462 509.174720 18360.000000
3753.249378 509.185280 18400.000000
3753.475283 509.195757 18440.000000
3753.700191 509.206151 18480.000000
3753.924116 509.216463 18520.000000
3754.147072 509.226694 18560.000000
3754.369074 509.236843 18600.000000
3754.590137 509.246913 18640.000000
3754.810275 509.256904 18680.000000
3755.029500 509.266815 18720.000000
3755.247828 509.276649 18760.000000
3755.465274 509.286406 18800.000000
3755.681851 509.296088 18840.000000
3755.897572 509.305697 18880.000000
3756.112451 509.315233 18920.000000
3756.326501 509.324697 18960.000000
3756.539734 509.334092 19000.000000
3756.752163 509.343418 19040.000000
3756.963798 509.352677 19080.000000
3757.174651 509.361869 19120.000000
3757.384734 509.370998 19160.000000
3757.594057 509.380064 19200.000000
3757.802628 509.389069 19240.000000
3758.010458 509.398013 19280.000000
3758.217556 509.406897 19320.000000
3758.423931 509.415723 19360.000000
3758.629590 509.424495 19400.000000
3758.834542 509.433209 19440.000000
3759.038793 509.441870 19480.000000
3759.242351 509.450478 19520.000000
3759.445223 509.459034 19560.000000
3759.647414 509.467540 19600.000000
3759.848929 509.475997 19640.000000
3760.049775 509.484405 19680.000000
3760.249957 509.492765 19720.000000
3760.449478 509.501079 19760.000000
3760.648344 509.509347 19800.000000
3760.846558 509.517571 19840.000000
3761.044124 509.525751 19880.000000
3761.241045 509.533888 19920.000000
3761.437325 509.541981 19960.000000
3761.632967 509.550033 20000.000000
3761.827974 509.558044 20040.000000
3762.022348 509.566015 20080.000000
3762.216092 509.573945 20120.000000
3762.409209 509.581836 20160.000000
3762.601701 509.589688 20200.000000
3762.793569 509.597502 20240.000000
3762.984816 509.605277 20280.000000
3763.175444 509.613017 20320.000000
3763.365453 509.620717 20360.000000
3763.554846 509.628381 20400.000000
3763.743625 509.636009 20440.000000
3763.931792 509.643600 20480.000000
3764.119347 509.651156 20520.000000
3764.306293 509.658677 20560.000000
3764.492630 509.666162 20600.000000
3764.678360 509.673613 20640.000000
3764.863484 509.681029 20680.000000
3765.048003 509.688411 20720.000000
3765.231918 509.695759 20760.000000
3765.415230 509.703073 20800.000000
3765.597940 509.710354 20840.000000
3765.780050 509.717601 20880.000000
3765.961559 509.724815 20920.000000
3766.142470 509.731996 20960.000000
3766.322783 509.739144 21000.000000
3766.502498 509.746260 21040.000000
3766.681616 509.753343 21080.000000
3766.860139 509.760395 21120.000000
3767.038066 509.767415 21160.000000
3767.215396 509.774401 21200.000000
3767.392131 509.781354 21240.000000
3767.568273 509.788276 21280.000000
3767.743822 509.795165 21320.000000
3767.918778 509.802022 21360.000000
3768.093143 509.808847 21400.000000
3768.266916 509.815639 21440.000000
3768.440098 509.822400 21480.000000
3768.612690 509.829128 21520.000000
3768.784693 509.835824 21560.000000
3768.956107 509.842487 21600.000000
3769.126932 509.849117 21640.000000
3769.297170 509.855715 21680.000000
3769.466822 509.862280 21720.000000
3769.635888 509.868811 21760.000000
3769.804370 509.875308 21800.000000
3769.972269 509.881772 21840.000000
3770.139587 509.888201 21880.000000
3770.306324 509.894597 21920.000000
3770.472483 509.900959 21960.000000
3770.638064 509.907285 22000.000000
3770.803071 509.913575 22040.000000
3770.967505 509.919829 22080.000000
3771.131370 509.926047 22120.000000
3771.294668 509.932229 22160.000000
3771.457403 509.938374 22200.000000
3771.619577 509.944482 22240.000000
3771.781194 509.950552 22280.000000
3771.942257 509.956584 22320.000000
3772.102772 509.962578 22360.000000
3772.262741 509.968533 22400.000000
3772.422172 509.974449 22440.000000
3772.581067 509.980325 22480.000000
3772.739433 509.986161 22520.000000
3772.897275 509.991957 22560.000000
3773.054599 509.997713 22600.000000
3773.211413 510.003427 22640.000000
3773.367722 510.009100 22680.000000
3773.523535 510.014733 22720.000000
3773.678858 510.020324 22760.000000
3773.833697 510.025872 22800.000000
3773.988063 510.031378 22840.000000
3774.141964 510.036841 22880.000000
3774.295409 510.042262 22920.000000
3774.448408 510.047640 22960.000000
3774.600971 510.052976 23000.000000
3774.753106 510.058269 23040.000000
3774.904826 510.063519 23080.000000
3775.056139 510.068727 23120.000000
3775.207058 510.073893 23160.000000
3775.357592 510.079017 23200.000000
3775.507755 510.084100 23240.000000
3775.657557 510.089141 23280.000000
3775.807010 510.094141 23320.000000
3775.956127 510.099100 23360.000000
3776.104919 510.104019 23400.000000
3776.253400 510.108899 23440.000000
3776.401582 510.113740 23480.000000
3776.549477 510.118542 23520.000000
3776.697099 510.123308 23560.000000
3776.844461 510.128037 23600.000000
3776.991574 510.132731 23640.000000
3777.138451 510.137390 23680.000000
3777.285106 510.142014 23720.000000
3777.431551 510.146606 23760.000000
3777.577800 510.151166 23800.000000
3777.723865 510.155696 23840.000000
3777.869758 510.160198 23880.000000
3778.015491 510.164672 23920.000000
3778.161075 510.169119 23960.000000
3778.306524 510.173541 24000.000000
3778.451848 510.177940 24040.000000
3778.597057 510.182318 24080.000000
3778.742163 510.186675 24120.000000
3778.887175 510.191014 24160.000000
3779.032103 510.195336 24200.000000
3779.176956 510.199643 24240.000000
3779.321742 510.203938 24280.000000
3779.466469 510.208220 24320.000000
3779.611144 510.212493 24360.000000
3779.755774 510.216758 24400.000000
3779.900364 510.221017 24440.000000
3780.044921 510.225272 24480.000000
3780.189448 510.229526 24520.000000
3780.333949 510.233778 24560.000000
3780.478426 510.238032 24600.000000
3780.622881 510.242290 24640.000000
3780.767317 510.246553 24680.000000
3780.911732 510.250823 24720.000000
3781.056126 510.255102 24760.000000
3781.200497 510.259392 24800.000000
3781.344843 510.263694 24840.000000
3781.489161 510.268011 24880.000000
3781.633445 510.272342 24920.000000
3781.777690 510.276692 24960.000000
3781.921890 510.281060 25000.000000
3799.377822 487.448471 25040.000000
3833.975675 469.208444 25080.000000
3879.242080 457.632686 25120.000000
3932.000209 450.592047 25160.000000
3989.984301 446.737885 25200.000000
4051.519973 445.183026 25240.000000
4115.329315 445.321703 25280.000000
4180.410950 446.725851 25320.000000
4245.963702 449.091382 25360.000000
4311.331332 452.192413 25400.000000
4375.972725 455.855760 25440.000000
4439.437665 459.948522 25480.000000
4501.350367 464.365965 25520.000000
4561.397827 469.023434 25560.000000
4619.321516 473.851088 25600.000000
4674.911148 478.790228 25640.000000
4728.001006 483.789166 25680.000000
4778.462129 488.808305 25720.000000
4826.202938 493.807170 25760.000000
4871.164849 498.753891 25800.000000
4913.319206 503.617038 25840.000000
4952.664620 508.370771 25880.000000
4989.224419 513.001504 25920.000000
5023.039307 517.484362 25960.000000
5054.171610 521.803830 26000.000000
5082.700262 525.946446 26040.000000
5108.717838 529.900220 26080.000000
5132.330149 533.658858 26120.000000
5153.648480 537.216126 26160.000000
5172.792430 540.572017 26200.000000
5189.883856 543.723598 26240.000000
5205.049939 546.669215 26280.000000
5218.419506 549.410600 26320.000000
5230.121516 551.950276 26360.000000
5240.283610 554.295817 26400.000000
5249.030276 556.449134 26440.000000
5256.482804 558.421190 26480.000000
5262.757496 560.217109 26520.000000
5267.967034 561.844354 26560.000000
5272.218954 563.311314 26600.000000
5275.615348 564.626441 26640.000000
5278.252289 565.799138 26680.000000
5280.219980 566.838016 26720.000000
5281.602727 567.752005 26760.000000
5282.478885 568.549863 26800.000000
5282.921013 569.240390 26840.000000
5282.995835 569.831905 26880.000000
5282.764531 570.332766 26920.000000
5282.282849 570.750657 26960.000000
5281.601657 571.093188 27000.000000
5280.766597 571.367901 27040.000000
5279.818744 571.581454 27080.000000
5278.794676 571.740298 27120.000000
5277.727084 571.850298 27160.000000
5276.644827 571.917164 27200.000000
5275.573180 571.946188 27240.000000
5274.534101 571.942296 27280.000000
5273.546476 571.910045 27320.000000
5272.626359 571.853675 27360.000000
5271.787229 571.776954 27400.000000
5271.040215 571.683461 27440.000000
5270.394279 571.576400 27480.000000
5269.856437 571.458695 27520.000000
5269.431944 571.332976 27560.000000
5269.124477 571.201606 27600.000000
5268.936303 571.066700 27640.000000
5268.868438 570.930154 27680.000000
5268.920779 570.793584 27720.000000
5269.092279 570.658473 27760.000000
5269.381028 570.526086 27800.000000
5269.784354 570.397625 27840.000000
5270.298949 570.273934 27880.000000
5270.921045 570.155713 27920.000000
5271.646464 570.043612 27960.000000
5272.470703 569.938032 28000.000000
5273.388987 569.839572 28040.000000
5274.396244 569.748549 28080.000000
5275.487258 569.665170 28120.000000
5276.656723 569.589579 28160.000000
5277.899287 569.521788 28200.000000
5279.209616 569.461815 28240.000000
5280.582403 569.409598 28280.000000
5282.012413 569.365010 28320.000000
5283.494520 569.327893 28360.000000
5285.023716 569.298061 28400.000000
5286.595136 569.275284 28440.000000
5288.204094 569.259291 28480.000000
5289.846080 569.249824 28520.000000
5291.516768 569.246593 28560.000000
5293.212033 569.249289 28600.000000
5294.927962 569.257600 28640.000000
5296.660845 569.271207 28680.000000
5298.407199 569.289801 28720.000000
5300.163744 569.312993 28760.000000
5301.927433 569.340498 28800.000000
5303.695425 569.372072 28840.000000
5305.465030 569.407362 28880.000000
5307.233812 569.446036 28920.000000
5308.999538 569.487803 28960.000000
5310.760167 569.532325 29000.000000
5312.513866 569.579414 29040.000000
5314.258906 569.628839 29080.000000
5315.993752 569.680277 29120.000000
5317.717057 569.733488 29160.000000
5319.427632 569.788244 29200.000000
5321.124440 569.844311 29240.000000
5322.806545 569.901559 29280.000000
5324.473155 569.959753 29320.000000
5326.123604 570.018720 29360.000000
5327.757339 570.078297 29400.000000
5329.373913 570.138303 29440.000000
5330.972981 570.198666 29480.000000
5332.554270 570.259190 29520.000000
5334.117617 570.319790 29560.000000
5335.662872 570.380418 29600.000000
5337.189974 570.440951 29640.000000
5338.698918 570.501274 29680.000000
5340.189775 570.561321 29720.000000
5341.662656 570.621018 29760.000000
5343.117717 570.680306 29800.000000
5344.555152 570.739136 29840.000000
5345.975183 570.797463 29880.000000
5347.378062 570.855252 29920.000000
5348.764062 570.912470 29960.000000
5350.133487 570.969068 30000.000000
5351.486643 571.025072 30040.000000
5352.823841 571.080455 30080.000000
5354.145409 571.135191 30120.000000
5355.451685 571.189273 30160.000000
5356.743015 571.242695 30200.000000
5358.019746 571.295456 30240.000000
5359.282224 571.347557 30280.000000
5360.530797 571.399002 30320.000000
5361.765808 571.449795 30360.000000
5362.987610 571.499904 30400.000000
5364.196540 571.549419 30440.000000
5365.392935 571.598277 30480.000000
5366.577100 571.646558 30520.000000
5367.749346 571.694218 30560.000000
5368.909997 571.741305 30600.000000
5370.059333 571.787822 30640.000000
5371.197651 571.833768 30680.000000
5372.325241 571.879157 30720.000000
5373.442384 571.924004 30760.000000
5374.549350 571.968323 30800.000000
5375.646403 572.012129 30840.000000
5376.733797 572.055435 30880.000000
5377.811776 572.098255 30920.000000
5378.880578 572.140603 30960.000000
5379.940432 572.182491 31000.000000
5380.991564 572.223919 31040.000000
5382.034188 572.264923 31080.000000
5383.068504 572.305509 31120.000000
5384.094711 572.345683 31160.000000
5385.112998 572.385464 31200.000000
5386.123551 572.424839 31240.000000
5387.126560 572.463845 31280.000000
5388.122187 572.502487 31320.000000
5389.110596 572.540779 31360.000000
5390.091942 572.578725 31400.000000
5391.066381 572.616329 31440.000000
5392.034069 572.653588 31480.000000
5392.995151 572.690543 31520.000000
5393.949772 572.727138 31560.000000
5394.898101 572.763402 31600.000000
5395.840262 572.799387 31640.000000
5396.776357 572.835116 31680.000000
5397.706482 572.870615 31720.000000
5398.630738 572.905857 31760.000000
5399.549230 572.940817 31800.000000
5400.462063 572.975520 31840.000000
5401.369350 573.009959 31880.000000
5402.271188 573.044146 31920.000000
5403.167677 573.078097 31960.000000
5404.058905 573.111806 32000.000000
5404.944962 573.145300 32040.000000
5405.825931 573.178565 32080.000000
5406.701891 573.211605 32120.000000
5407.572943 573.244388 32160.000000
5408.439153 573.277041 32200.000000
5409.300549 573.309511 32240.000000
5410.157178 573.341820 32280.000000
5411.009095 573.373938 32320.000000
5411.856359 573.405872 32360.000000
5412.699026 573.437630 32400.000000
5413.537144 573.469220 32440.000000
5414.370754 573.500649 32480.000000
5415.199897 573.531924 32520.000000
5416.024605 573.563051 32560.000000
5416.844907 573.594036 32600.000000
5417.660829 573.624886 32640.000000
5418.472395 573.655597 32680.000000
5419.279618 573.686191 32720.000000
5420.082510 573.716660 32760.000000
5420.881081 573.747016 32800.000000
5421.675334 573.777261 32840.000000
5422.465272 573.807396 32880.000000
5423.250894 573.837426 32920.000000
5424.032196 573.867353 32960.000000
5424.809177 573.897164 33000.000000
5425.581832 573.926884 33040.000000
5426.350156 573.956493 33080.000000
5427.114119 573.986048 33120.000000
5427.873696 574.015507 33160.000000
5428.628873 574.044869 33200.000000
5429.379639 574.074128 33240.000000
5430.125977 574.103292 33280.000000
5430.867867 574.132362 33320.000000
5431.605289 574.161341 33360.000000
5432.338223 574.190221 33400.000000
5433.066649 574.219000 33440.000000
5433.790555 574.247669 33480.000000
5434.509920 574.276233 33520.000000
5435.224734 574.304682 33560.000000
5435.934984 574.333013 33600.000000
5436.640661 574.361221 33640.000000
5437.341761 574.389299 33680.000000
5438.038278 574.417243 33720.000000
5438.730218 574.445038 33760.000000
5439.417586 574.472683 33800.000000
5440.100389 574.500182 33840.000000
5440.778637 574.527527 33880.000000
5441.452340 574.554704 33920.000000
5442.121519 574.581708 33960.000000
5442.786191 574.608538 34000.000000
5443.446388 574.635178 34040.000000
5444.102143 574.661621 34080.000000
5444.753497 574.687861 34120.000000
5445.400494 574.713889 34160.000000
5446.043183 574.739686 34200.000000
5446.681631 574.765267 34240.000000
5447.315880 574.790640 34280.000000
5447.945990 574.815764 34320.000000
5448.572027 574.840669 34360.000000
5449.194051 574.865337 34400.000000
5449.812132 574.889758 34440.000000
5450.426349 574.913928 34480.000000
5451.036782 574.937847 34520.000000
5451.643510 574.961512 34560.000000
5452.246619 574.984922 34600.000000
5452.846194 575.008077 34640.000000
5453.442333 575.030942 34680.000000
5454.035136 575.053583 34720.000000
5454.624660 575.075986 34760.000000
5455.210991 575.098139 34800.000000
5455.794223 575.120038 34840.000000
5456.374441 575.141707 34880.000000
5456.951726 575.163136 34920.000000
5457.526164 575.184331 34960.000000
5458.097837 575.205298 35000.000000
5458.666826 575.226042 35040.000000
5459.233204 575.246576 35080.000000
5459.797043 575.266907 35120.000000
5460.358414 575.287027 35160.000000
5460.917392 575.306957 35200.000000
5461.474026 575.326719 35240.000000
5462.028358 575.346335 35280.000000
5462.580425 575.365798 35320.000000
5463.130262 575.385121 35360.000000
5463.677909 575.404295 35400.000000
5464.223397 575.423347 35440.000000
5464.766731 575.442316 35480.000000
5465.307910 575.461185 35520.000000
5465.846946 575.479950 35560.000000
5466.383838 575.498650 35600.000000
5466.918572 575.517280 35640.000000
5467.451119 575.535866 35680.000000
5467.981449 575.554404 35720.000000
5468.509534 575.572900 35760.000000
5469.035338 575.591361 35800.000000
5469.558820 575.609791 35840.000000
5470.079935 575.628196 35880.000000
5470.598638 575.646571 35920.000000
5471.114888 575.664898 35960.000000
5471.628636 575.683232 36000.000000
5472.139816 575.701540 36040.000000
5472.648382 575.719808 36080.000000
5473.154297 575.738065 36120.000000
5473.657478 575.756313 36160.000000
5474.157882 575.774509 36200.000000
5474.655475 575.792645 36240.000000
5475.150230 575.810718 36280.000000
5475.642119 575.828716 36320.000000
5476.131124 575.846630 36360.000000
5476.617231 575.864448 36400.000000
5477.100439 575.882153 36440.000000
5477.580761 575.899721 36480.000000
5478.058198 575.917197 36520.000000
5478.532753 575.934525 36560.000000
5479.004456 575.951703 36600.000000
5479.473340 575.968720 36640.000000
5479.939443 575.985562 36680.000000
5480.402810 576.002227 36720.000000
5480.863492 576.018695 36760.000000
5481.321552 576.034964 36800.000000
5481.777054 576.051025 36840.000000
5482.230072 576.066871 36880.000000
5482.680672 576.082514 36920.000000
5483.128927 576.097943 36960.000000
5483.574913 576.113150 37000.000000
5484.018716 576.128120 37040.000000
5484.460416 576.142873 37080.000000
5484.900100 576.157398 37120.000000
5485.337853 576.171697 37160.000000
5485.773763 576.185770 37200.000000
5486.207917 576.199620 37240.000000
5486.640401 576.213249 37280.000000
5487.071303 576.226649 37320.000000
5487.500719 576.239839 37360.000000
5487.928716 576.252839 37400.000000
5488.355372 576.265632 37440.000000
5488.780767 576.278229 37480.000000
5489.204979 576.290631 37520.000000
5489.628083 576.302843 37560.000000
5490.050151 576.314891 37600.000000
5490.471242 576.326772 37640.000000
5490.891420 576.338491 37680.000000
5491.310745 576.350057 37720.000000
5491.729273 576.361479 37760.000000
5492.147055 576.372767 37800.000000
5492.564141 576.383929 37840.000000
5492.980571 576.394975 37880.000000
5493.396385 576.405915 37920.000000
5493.811617 576.416759 37960.000000
5494.226295 576.427512 38000.000000
5494.640446 576.438190 38040.000000
5495.054087 576.448809 38080.000000
5495.467227 576.459375 38120.000000
5495.879875 576.469901 38160.000000
5496.292026 576.480391 38200.000000
5496.703682 576.490841 38240.000000
5497.114841 576.501276 38280.000000
5497.525493 576.511708 38320.000000
5497.935617 576.522142 38360.000000
5498.345187 576.532594 38400.000000
5498.754172 576.543069 38440.000000
5499.162539 576.553578 38480.000000
5499.570247 576.564124 38520.000000
5499.977253 576.574716 38560.000000
5500.383509 576.585355 38600.000000
5500.788967 576.596061 38640.000000
5501.193568 576.606829 38680.000000
5501.597246 576.617675 38720.000000
5501.999941 576.628592 38760.000000
5502.401589 576.639583 38800.000000
5502.802127 576.650650 38840.000000
5503.201489 576.661794 38880.000000
5503.599611 576.673012 38920.000000
5503.996427 576.684305 38960.000000
5504.391878 576.695669 39000.000000
5504.785897 576.707114 39040.000000
5505.178422 576.718601 39080.000000
5505.569412 576.730150 39120.000000
5505.958814 576.741743 39160.000000
5506.346581 576.753396 39200.000000
5506.732656 576.765087 39240.000000
5507.117008 576.776798 39280.000000
5507.499612 576.788538 39320.000000
5507.880435 576.800289 39360.000000
5508.259460 576.812042 39400.000000
5508.636680 576.823770 39440.000000
5509.012095 576.835498 39480.000000
5509.385685 576.847217 39520.000000
5509.757454 576.858896 39560.000000
5510.127417 576.870534 39600.000000
5510.495598 576.882112 39640.000000
5510.862019 576.893638 39680.000000
5511.226706 576.905093 39720.000000
5511.589700 576.916480 39760.000000
5511.951023 576.927801 39800.000000
5512.310721 576.939037 39840.000000
5512.668843 576.950172 39880.000000
5513.025445 576.961215 39920.000000
5513.380578 576.972171 39960.000000
5513.734285 576.983039 40000.000000
5514.086623 576.993804 40040.000000
5514.437652 577.004466 40080.000000
5514.787432 577.015023 40120.000000
5515.136032 577.025461 40160.000000
5515.483512 577.035815 40200.000000
5515.829927 577.046065 40240.000000
5516.175339 577.056214 40280.000000
5516.519809 577.066264 40320.000000
5516.863398 577.076217 40360.000000
5517.206164 577.086077 40400.000000
5517.548164 577.095848 40440.000000
5517.889454 577.105533 40480.000000
5518.230086 577.115138 40520.000000
5518.570111 577.124666 40560.000000
5518.909576 577.134123 40600.000000
5519.248529 577.143513 40640.000000
5519.587012 577.152836 40680.000000
5519.925066 577.162105 40720.000000
5520.262729 577.171335 40760.000000
5520.600023 577.180526 40800.000000
5520.936977 577.189683 40840.000000
5521.273616 577.198811 40880.000000
5521.609961 577.207917 40920.000000
5521.946031 577.217007 40960.000000
5522.281839 577.226089 41000.000000
5522.617396 577.235172 41040.000000
5522.952704 577.244261 41080.000000
5523.287768 577.253364 41120.000000
5523.622581 577.262489 41160.000000
5523.957137 577.271644 41200.000000
5524.291424 577.280835 41240.000000
5524.625429 577.290065 41280.000000
5524.959127 577.299354 41320.000000
5525.292490 577.308701 41360.000000
5525.625489 577.318115 41400.000000
5525.958090 577.327602 41440.000000
5526.290253 577.337170 41480.000000
5526.621934 577.346826 41520.000000
5526.953088 577.356573 41560.000000
5527.283658 577.366430 41600.000000
5527.613582 577.376380 41640.000000
5527.942809 577.386452 41680.000000
5528.271264 577.396644 41720.000000
5528.598880 577.406962 41760.000000
5528.925582 577.417404 41800.000000
5529.251290 577.427984 41840.000000
5529.575922 577.438700 41880.000000
5529.899395 577.449554 41920.000000
5530.221625 577.460546 41960.000000
5530.542525 577.471676 42000.000000
5530.862006 577.482948 42040.000000
5531.179978 577.494359 42080.000000
5531.496351 577.505906 42120.000000
5531.811037 577.517587 42160.000000
5532.123949 577.529397 42200.000000
5532.435002 577.541329 42240.000000
5532.744115 577.553375 42280.000000
5533.051207 577.565539 42320.000000
5533.356200 577.577806 42360.000000
5533.659023 577.590167 42400.000000
5533.959611 577.602611 42440.000000
5534.257901 577.615129 42480.000000
5534.553842 577.627706 42520.000000
5534.847384 577.640338 42560.000000
5535.138486 577.653012 42600.000000
5535.427115 577.665710 42640.000000
5535.713240 577.678428 42680.000000
5535.996841 577.691151 42720.000000
5536.277905 577.703869 42760.000000
5536.556428 577.716550 42800.000000
5536.832428 577.729191 42840.000000
5537.105897 577.741830 42880.000000
5537.376832 577.754419 42920.000000
5537.645257 577.766945 42960.000000
5537.911197 577.779401 43000.000000
5538.174684 577.791778 43040.000000
5538.435754 577.804069 43080.000000
5538.694445 577.816268 43120.000000
5538.950802 577.828369 43160.000000
5539.204871 577.840366 43200.000000
5539.456701 577.852256 43240.000000
5539.706345 577.864034 43280.000000
5539.953864 577.875682 43320.000000
5540.199315 577.887220 43360.000000
5540.442741 577.898654 43400.000000
5540.684195 577.909970 43440.000000
5540.923735 577.921165 43480.000000
5541.161419 577.932238 43520.000000
5541.397306 577.943188 43560.000000
5541.631451 577.954023 43600.000000
5541.863908 577.964738 43640.000000
5542.094731 577.975341 43680.000000
5542.323972 577.985830 43720.000000
5542.551681 577.996209 43760.000000
5542.777907 578.006479 43800.000000
5543.002696 578.016645 43840.000000
5543.226095 578.026705 43880.000000
5543.448148 578.036670 43920.000000
5543.668892 578.046541 43960.000000
5543.888365 578.056324 44000.000000
5544.106602 578.066019 44040.000000
5544.323637 578.075628 44080.000000
5544.539504 578.085152 44120.000000
5544.754234 578.094601 44160.000000
5544.967859 578.103964 44200.000000
5545.180401 578.113276 44240.000000
5545.391873 578.122523 44280.000000
5545.602305 578.131697 44320.000000
5545.811711 578.140820 44360.000000
5546.020109 578.149885 44400.000000
5546.227517 578.158892 44440.000000
5546.433949 578.167849 44480.000000
5546.639418 578.176755 44520.000000
5546.843939 578.185615 44560.000000
5547.047521 578.194430 44600.000000
5547.250175 578.203203 44640.000000
5547.451909 578.211936 44680.000000
5547.652731 578.220631 44720.000000
5547.852647 578.229290 44760.000000
5548.051664 578.237916 44800.000000
5548.249787 578.246508 44840.000000
5548.447020 578.255070 44880.000000
5548.643367 578.263602 44920.000000
5548.838832 578.272100 44960.000000
5549.033425 578.280568 45000.000000
5549.227142 578.289028 45040.000000
5549.419985 578.297445 45080.000000
5549.611956 578.305850 45120.000000
5549.803055 578.314230 45160.000000
5549.993284 578.322587 45200.000000
5550.182646 578.330921 45240.000000
5550.371142 578.339232 45280.000000
5550.558775 578.347522 45320.000000
5550.745550 578.355782 45360.000000
5550.931478 578.364020 45400.000000
5551.116556 578.372238 45440.000000
5551.300788 578.380424 45480.000000
5551.484175 578.388613 45520.000000
5551.666702 578.396797 45560.000000
5551.848372 578.404957 45600.000000
5552.029191 578.413094 45640.000000
5552.209163 578.421208 45680.000000
5552.388293 578.429301 45720.000000
5552.566586 578.437372 45760.000000
5552.744046 578.445423 45800.000000
5552.920679 578.453452 45840.000000
5553.096493 578.461453 45880.000000
5553.271493 578.469426 45920.000000
5553.445701 578.477369 45960.000000
5553.619115 578.485291 46000.000000
5553.791735 578.493212 46040.000000
5553.963558 578.501134 46080.000000
5554.134577 578.509020 46120.000000
5554.304804 578.516896 46160.000000
5554.474243 578.524755 46200.000000
5554.642892 578.532592 46240.000000
5554.810763 578.540406 46280.000000
5554.977860 578.548198 46320.000000
5555.144191 578.555968 46360.000000
5555.309767 578.563700 46400.000000
5555.474601 578.571420 46440.000000
5555.638699 578.579106 46480.000000
5555.802059 578.586786 46520.000000
5555.964687 578.594442 46560.000000
5556.126596 578.602063 46600.000000
5556.287799 578.609661 46640.000000
5556.448294 578.617247 46680.000000
5556.608089 578.624805 46720.000000
5556.767195 578.632336 46760.000000
5556.925617 578.639845 46800.000000
5557.083361 578.647336 46840.000000
5557.240432 578.654802 46880.000000
5557.396841 578.662242 46920.000000
5557.552597 578.669651 46960.000000
5557.707705 578.677052 47000.000000
5557.862165 578.684424 47040.000000
5558.015987 578.691780 47080.000000
5558.169175 578.699106 47120.000000
5558.321743 578.706397 47160.000000
5558.473694 578.713679 47200.000000
5558.625030 578.720927 47240.000000
5558.775765 578.728157 47280.000000
5558.925895 578.735375 47320.000000
5559.075425 578.742565 47360.000000
5559.224362 578.749728 47400.000000
5559.372714 578.756865 47440.000000
5559.520488 578.763976 47480.000000
5559.667691 578.771062 47520.000000
5559.814329 578.778122 47560.000000
5559.960409 578.785158 47600.000000
5560.105935 578.792169 47640.000000
5560.250915 578.799145 47680.000000
5560.395358 578.806099 47720.000000
5560.539264 578.813042 47760.000000
5560.682630 578.819961 47800.000000
5560.825463 578.826854 47840.000000
5560.967769 578.833721 47880.000000
5561.109551 578.840562 47920.000000
5561.250818 578.847376 47960.000000
5561.391571 578.854166 48000.000000
5561.531814 578.860931 48040.000000
5561.671560 578.867655 48080.000000
5561.810807 578.874373 48120.000000
5561.949554 578.881060 48160.000000
5562.087815 578.887716 48200.000000
5562.225588 578.894356 48240.000000
5562.362873 578.900971 48280.000000
5562.499670 578.907564 48320.000000
5562.635984 578.914127 48360.000000
5562.771820 578.920664 48400.000000
5562.907183 578.927176 48440.000000
5563.042072 578.933662 48480.000000
5563.176493 578.940116 48520.000000
5563.310451 578.946548 48560.000000
5563.443952 578.952943 48600.000000
5563.576995 578.959325 48640.000000
5563.709582 578.965674 48680.000000
5563.841717 578.972000 48720.000000
5563.973401 578.978295 48760.000000
5564.104639 578.984567 48800.000000
5564.235433 578.990807 48840.000000
5564.365788 578.997025 48880.000000
5564.495694 579.003229 48920.000000
5564.625153 579.009408 48960.000000
5564.754165 579.015562 49000.000000
5564.882734 579.021682 49040.000000
5565.010866 579.027772 49080.000000
5565.138564 579.033829 49120.000000
5565.265831 579.039868 49160.000000
5565.392666 579.045879 49200.000000
5565.519071 579.051862 49240.000000
5565.645050 579.057814 49280.000000
5565.770607 579.063738 49320.000000
5565.895744 579.069632 49360.000000
5566.020463 579.075498 49400.000000
5566.144768 579.081338 49440.000000
5566.268657 579.087155 49480.000000
5566.392131 579.092944 49520.000000
5566.515194 579.098701 49560.000000
5566.637848 579.104432 49600.000000
5566.760093 579.110137 49640.000000
5566.881933 579.115813 49680.000000
5567.003368 579.121461 49720.000000
5567.124401 579.127081 49760.000000
5567.245037 579.132668 49800.000000
5567.365276 579.138231 49840.000000
5567.485122 579.143761 49880.000000
5567.604579 579.149268 49920.000000
5567.723644 579.154742 49960.000000
5567.842320 579.160198 50000.000000
5567.960605 579.165625 50040.000000
5568.078503 579.171022 50080.000000
5568.196015 579.176391 50120.000000
5568.313145 579.181732 50160.000000
5568.429895 579.187045 50200.000000
5568.546267 579.192324 50240.000000
5568.662267 579.197574 50280.000000
5568.777896 579.202803 50320.000000
5568.893155 579.207992 50360.000000
5569.008049 579.213170 50400.000000
5569.122572 579.218312 50440.000000
5569.236730 579.223430 50480.000000
5569.350523 579.228520 50520.000000
5569.463954 579.233581 50560.000000
5569.577024 579.238615 50600.000000
5569.689737 579.243619 50640.000000
5569.802096 579.248595 50680.000000
5569.914102 579.253543 50720.000000
5570.025759 579.258462 50760.000000
5570.137069 579.263350 50800.000000
5570.248038 579.268209 50840.000000
5570.358667 579.273044 50880.000000
5570.468956 579.277851 50920.000000
5570.578908 579.282630 50960.000000
5570.688526 579.287379 51000.000000
5570.797812 579.292101 51040.000000
5570.906771 579.296794 51080.000000
5571.015407 579.301455 51120.000000
5571.123720 579.306091 51160.000000
5571.231718 579.310689 51200.000000
5571.339399 579.315273 51240.000000
5571.446763 579.319827 51280.000000
5571.553816 579.324349 51320.000000
5571.660560 579.328840 51360.000000
5571.767001 579.333309 51400.000000
5571.873139 579.337746 51440.000000
5571.978976 579.342157 51480.000000
5572.084516 579.346536 51520.000000
5572.189765 579.350887 51560.000000
5572.294723 579.355211 51600.000000
5572.399394 579.359505 51640.000000
5572.503783 579.363770 51680.000000
5572.607892 579.368005 51720.000000
5572.711725 579.372211 51760.000000
5572.815286 579.376387 51800.000000
5572.918579 579.380534 51840.000000
5573.021609 579.384649 51880.000000
5573.124380 579.388731 51920.000000
5573.226896 579.392790 51960.000000
5573.329163 579.396810 52000.000000
5573.431182 579.400809 52040.000000
5573.532955 579.404778 52080.000000
5573.634486 579.408717 52120.000000
5573.735780 579.412624 52160.000000
5573.836841 579.416499 52200.000000
5573.937676 579.420342 52240.000000
5574.038287 579.424154 52280.000000
5574.138681 579.427934 52320.000000
5574.238862 579.431682 52360.000000
5574.338836 579.435396 52400.000000
5574.438609 579.439079 52440.000000
5574.538185 579.442727 52480.000000
5574.637569 579.446345 52520.000000
5574.736767 579.449928 52560.000000
5574.835783 579.453478 52600.000000
5574.934624 579.456995 52640.000000
5575.033295 579.460476 52680.000000
5575.131803 579.463923 52720.000000
5575.230152 579.467334 52760.000000
5575.328352 579.470708 52800.000000
5575.426407 579.474051 52840.000000
5575.524323 579.477355 52880.000000
5575.622106 579.480618 52920.000000
5575.719769 579.483841 52960.000000
5575.817318 579.487027 53000.000000
5575.914760 579.490175 53040.000000
5576.012100 579.493286 53080.000000
5576.109348 579.496356 53120.000000
5576.206512 579.499385 53160.000000
5576.303599 579.502372 53200.000000
5576.400621 579.505316 53240.000000
5576.497585 579.508217 53280.000000
5576.594501 579.511075 53320.000000
5576.691380 579.513887 53360.000000
5576.788231 579.516653 53400.000000
5576.885067 579.519370 53440.000000
5576.981900 579.522035 53480.000000
5577.078743 579.524658 53520.000000
5577.175603 579.527231 53560.000000
5577.272494 579.529753 53600.000000
5577.369429 579.532221 53640.000000
5577.466424 579.534632 53680.000000
5577.563495 579.536988 53720.000000
5577.660656 579.539289 53760.000000
5577.757922 579.541532 53800.000000
5577.855310 579.543713 53840.000000
5577.952839 579.545832 53880.000000
5578.050529 579.547885 53920.000000
5578.148401 579.549871 53960.000000
5578.246477 579.551791 54000.000000
5578.344780 579.553637 54040.000000
5578.443336 579.555404 54080.000000
5578.542170 579.557099 54120.000000
5578.641309 579.558717 54160.000000
5578.740783 579.560253 54200.000000
5578.840623 579.561703 54240.000000
5578.940864 579.563064 54280.000000
5579.041545 579.564331 54320.000000
5579.142704 579.565503 54360.000000
5579.244386 579.566573 54400.000000
5579.346636 579.567538 54440.000000
5579.449504 579.568394 54480.000000
5579.553047 579.569135 54520.000000
5579.657325 579.569748 54560.000000
5579.762403 579.570240 54600.000000
5579.868348 579.570608 54640.000000
5579.975231 579.570839 54680.000000
5580.083136 579.570926 54720.000000
5580.192153 579.570863 54760.000000
5580.302381 579.570640 54800.000000
5580.413927 579.570256 54840.000000
5580.526906 579.569701 54880.000000
5580.641446 579.568966 54920.000000
5580.757688 579.568046 54960.000000
5580.875785 579.566930 55000.000000
5580.995904 579.565616 55040.000000
5581.118226 579.564094 55080.000000
5581.242955 579.562361 55120.000000
5581.370308 579.560407 55160.000000
5581.500523 579.558234 55200.000000
5581.633862 579.555838 55240.000000
5581.770610 579.553221 55280.000000
5581.911076 579.550387 55320.000000
5582.055596 579.547343 55360.000000
5582.204534 579.544109 55400.000000
5582.358272 579.540708 55440.000000
5582.517221 579.537166 55480.000000
5582.681808 579.533540 55520.000000
5582.852467 579.529901 55560.000000
5583.029610 579.526353 55600.000000
5583.213604 579.523046 55640.000000
5583.404708 579.520194 55680.000000
5583.603006 579.518081 55720.000000
5583.808304 579.517088 55760.000000
5584.020021 579.517689 55800.000000
5584.237072 579.520433 55840.000000
5584.457807 579.525883 55880.000000
5584.680038 579.534521 55920.000000
5584.901184 579.546645 55960.000000
5585.118492 579.562298 56000.000000
5585.329283 579.581268 56040.000000
5585.531146 579.603136 56080.000000
5585.722069 579.627360 56120.000000
5585.900487 579.653350 56160.000000
5586.065299 579.680514 56200.000000
5586.215834 579.708302 56240.000000
5586.351799 579.736246 56280.000000
5586.473228 579.763925 56320.000000
5586.580426 579.791013 56360.000000
5586.673908 579.817241 56400.000000
5586.754357 579.842412 56440.000000
5586.822570 579.866376 56480.000000
5586.879429 579.889037 56520.000000
5586.925866 579.910337 56560.000000
5586.962836 579.930251 56600.000000
5586.991295 579.948781 56640.000000
5587.012189 579.965949 56680.000000
5587.026430 579.981796 56720.000000
5587.034896 579.996374 56760.000000
5587.038422 580.009743 56800.000000
5587.037788 580.021973 56840.000000
5587.033726 580.033134 56880.000000
5587.026910 580.043301 56920.000000
5587.017958 580.052549 56960.000000
5587.007433 580.060953 57000.000000
5586.995847 580.068584 57040.000000
5586.983655 580.075513 57080.000000
5586.971265 580.081815 57120.000000
5586.959034 580.087545 57160.000000
5586.947277 580.092764 57200.000000
5586.936267 580.097535 57240.000000
5586.926239 580.101904 57280.000000
5586.917391 580.105924 57320.000000
5586.909888 580.109641 57360.000000
5586.903863 580.113099 57400.000000
5586.899423 580.116334 57440.000000
5586.896647 580.119382 57480.000000
5586.895596 580.122274 57520.000000
5586.896306 580.125038 57560.000000
5586.898799 580.127699 57600.000000
5586.903081 580.130279 57640.000000
5586.909143 580.132797 57680.000000
5586.916967 580.135279 57720.000000
5586.926517 580.137726 57760.000000
5586.937759 580.140152 57800.000000
5586.950648 580.142573 57840.000000
5586.965133 580.144997 57880.000000
5586.981160 580.147432 57920.000000
5586.998669 580.149884 57960.000000
5587.017597 580.152357 58000.000000
5587.037880 580.154857 58040.000000
5587.059453 580.157384 58080.000000
5587.082251 580.159940 58120.000000
5587.106209 580.162526 58160.000000
5587.131262 580.165141 58200.000000
5587.157349 580.167786 58240.000000
5587.184407 580.170459 58280.000000
5587.212377 580.173157 58320.000000
5587.241201 580.175881 58360.000000
5587.270823 580.178628 58400.000000
5587.301191 580.181395 58440.000000
5587.332255 580.184179 58480.000000
5587.363967 580.186977 58520.000000
5587.396282 580.189787 58560.000000
5587.429158 580.192606 58600.000000
5587.462555 580.195430 58640.000000
5587.496438 580.198257 58680.000000
5587.530772 580.201083 58720.000000
5587.565526 580.203908 58760.000000
5587.600672 580.206726 58800.000000
5587.636181 580.209535 58840.000000
5587.672030 580.212333 58880.000000
5587.708197 580.215116 58920.000000
5587.744665 580.217884 58960.000000
5587.781414 580.220633 59000.000000
5587.818432 580.223360 59040.000000
5587.855703 580.226065 59080.000000
5587.893218 580.228744 59120.000000
5587.930966 580.231398 59160.000000
5587.968939 580.234023 59200.000000
5588.007130 580.236619 59240.000000
5588.045535 580.239183 59280.000000
5588.084151 580.241714 59320.000000
5588.122973 580.244213 59360.000000
5588.162001 580.246677 59400.000000
5588.201233 580.249105 59440.000000
5588.240671 580.251498 59480.000000
5588.280317 580.253853 59520.000000
5588.320172 580.256171 59560.000000
5588.360240 580.258450 59600.000000
5588.400525 580.260691 59640.000000
5588.441032 580.262894 59680.000000
5588.481766 580.265059 59720.000000
5588.522730 580.267183 59760.000000
5588.563932 580.269269 59800.000000
5588.605379 580.271315 59840.000000
5588.647076 580.273323 59880.000000
5588.689033 580.275292 59920.000000
5588.731257 580.277221 59960.000000
5588.773754 580.279113 60000.000000
5588.816534 580.280967 60040.000000
5588.859605 580.282782 60080.000000
5588.902976 580.284561 60120.000000
5588.946655 580.286303 60160.000000
5588.990652 580.288009 60200.000000
5589.034975 580.289679 60240.000000
5589.079635 580.291314 60280.000000
5589.124643 580.292911 60320.000000
5589.170006 580.294481 60360.000000
5589.215733 580.296017 60400.000000
5589.261833 580.297524 60440.000000
5589.308316 580.298999 60480.000000
5589.355192 580.300448 60520.000000
5589.402467 580.301866 60560.000000
5589.450154 580.303256 60600.000000
5589.498261 580.304619 60640.000000
5589.546798 580.305959 60680.000000
5589.595775 580.307275 60720.000000
5589.645200 580.308570 60760.000000
5589.695082 580.309846 60800.000000
5589.745428 580.311105 60840.000000
5589.796246 580.312347 60880.000000
5589.847543 580.313576 60920.000000
5589.899325 580.314794 60960.000000
5589.951599 580.316001 61000.000000
5590.004370 580.317203 61040.000000
5590.057641 580.318401 61080.000000
5590.111415 580.319597 61120.000000
5590.165694 580.320795 61160.000000
5590.220480 580.321998 61200.000000
5590.275772 580.323209 61240.000000
5590.331568 580.324432 61280.000000
5590.387864 580.325670 61320.000000
5590.444655 580.326926 61360.000000
5590.501935 580.328202 61400.000000
5590.559695 580.329503 61440.000000
5590.617925 580.330838 61480.000000
5590.676608 580.332206 61520.000000
5590.735728 580.333616 61560.000000
5590.795266 580.335069 61600.000000
5590.855202 580.336567 61640.000000
5590.915512 580.338118 61680.000000
5590.976169 580.339723 61720.000000
5591.037145 580.341387 61760.000000
5591.098408 580.343114 61800.000000
5591.159925 580.344907 61840.000000
5591.221658 580.346769 61880.000000
5591.283569 580.348704 61920.000000
5591.345618 580.350711 61960.000000
5591.407762 580.352797 62000.000000
5591.469956 580.354962 62040.000000
5591.532154 580.357206 62080.000000
5591.594309 580.359531 62120.000000
5591.656374 580.361936 62160.000000
5591.718300 580.364421 62200.000000
5591.780038 580.366990 62240.000000
5591.841541 580.369627 62280.000000
5591.902765 580.372337 62320.000000
5591.963664 580.375122 62360.000000
5592.024193 580.377975 62400.000000
5592.084311 580.380893 62440.000000
5592.143979 580.383868 62480.000000
5592.203160 580.386899 62520.000000
5592.261818 580.389982 62560.000000
5592.319922 580.393111 62600.000000
5592.377444 580.396278 62640.000000
5592.434358 580.399480 62680.000000
5592.490643 580.402709 62720.000000
5592.546284 580.405961 62760.000000
5592.601264 580.409229 62800.000000
5592.655574 580.412507 62840.000000
5592.709208 580.415791 62880.000000
5592.762160 580.419076 62920.000000
5592.814429 580.422354 62960.000000
5592.866021 580.425621 63000.000000
5592.916941 580.428873 63040.000000
5592.967198 580.432103 63080.000000
5593.016806 580.435309 63120.000000
5593.065773 580.438498 63160.000000
5593.114112 580.441652 63200.000000
5593.161844 580.444774 63240.000000
5593.208986 580.447860 63280.000000
5593.255560 580.450909 63320.000000
5593.301587 580.453917 63360.000000
5593.347090 580.456885 63400.000000
5593.392092 580.459810 63440.000000
5593.436617 580.462692 63480.000000
5593.480689 580.465529 63520.000000
5593.524332 580.468323 63560.000000
5593.567572 580.471071 63600.000000
5593.610432 580.473776 63640.000000
5593.652936 580.476438 63680.000000
5593.695108 580.479055 63720.000000
5593.736970 580.481630 63760.000000
5593.778546 580.484164 63800.000000
5593.819856 580.486656 63840.000000
5593.860923 580.489109 63880.000000
5593.901766 580.491523 63920.000000
5593.942406 580.493897 63960.000000
5593.982861 580.496236 64000.000000
5594.023147 580.498543 64040.000000
5594.063282 580.500816 64080.000000
5594.103279 580.503057 64120.000000
5594.143155 580.505268 64160.000000
5594.182921 580.507450 64200.000000
5594.222592 580.509604 64240.000000
5594.262180 580.511734 64280.000000
5594.301692 580.513838 64320.000000
5594.341142 580.515917 64360.000000
5594.380537 580.517976 64400.000000
5594.419886 580.520014 64440.000000
5594.459197 580.522032 64480.000000
5594.498474 580.524033 64520.000000
5594.537724 580.526018 64560.000000
5594.576953 580.527986 64600.000000
5594.616164 580.529940 64640.000000
5594.655360 580.531881 64680.000000
5594.694545 580.533810 64720.000000
5594.733721 580.535726 64760.000000
5594.772890 580.537633 64800.000000
5594.812053 580.539532 64840.000000
5594.851210 580.541419 64880.000000
5594.890362 580.543298 64920.000000
5594.929510 580.545169 64960.000000
5594.968654 580.547034 65000.000000
5595.007793 580.548892 65040.000000
5595.046926 580.550744 65080.000000
5595.086053 580.552592 65120.000000
5595.125170 580.554437 65160.000000
5595.164279 580.556274 65200.000000
5595.203374 580.558107 65240.000000
5595.242455 580.559936 65280.000000
5595.281522 580.561762 65320.000000
5595.320571 580.563584 65360.000000
5595.359600 580.565404 65400.000000
5595.398608 580.567221 65440.000000
5595.437592 580.569038 65480.000000
5595.476548 580.570849 65520.000000
5595.515475 580.572658 65560.000000
5595.554371 580.574466 65600.000000
5595.593234 580.576271 65640.000000
5595.632062 580.578073 65680.000000
5595.670852 580.579875 65720.000000
5595.709600 580.581675 65760.000000
5595.748305 580.583473 65800.000000
5595.786964 580.585269 65840.000000
5595.825575 580.587064 65880.000000
5595.864137 580.588856 65920.000000
5595.902648 580.590647 65960.000000
5595.941104 580.592436 66000.000000
5595.979505 580.594223 66040.000000
5596.017849 580.596008 66080.000000
5596.056134 580.597791 66120.000000
5596.094357 580.599572 66160.000000
5596.132519 580.601351 66200.000000
5596.170617 580.603127 66240.000000
5596.208650 580.604902 66280.000000
5596.246615 580.606675 66320.000000
5596.284513 580.608445 66360.000000
5596.322342 580.610213 66400.000000
5596.360100 580.611979 66440.000000
5596.397786 580.613743 66480.000000
5596.435400 580.615504 66520.000000
5596.472942 580.617259 66560.000000
5596.510412 580.619015 66600.000000
5596.547806 580.620770 66640.000000
5596.585123 580.622522 66680.000000
5596.622362 580.624269 66720.000000
5596.659526 580.626012 66760.000000
5596.696614 580.627756 66800.000000
5596.733622 580.629497 66840.000000
5596.770551 580.631236 66880.000000
5596.807401 580.632971 66920.000000
5596.844170 580.634704 66960.000000
5596.880859 580.636434 67000.000000
5596.917467 580.638160 67040.000000
5596.953995 580.639883 67080.000000
5596.990442 580.641603 67120.000000
5597.026808 580.643320 67160.000000
5597.063094 580.645034 67200.000000
5597.099299 580.646745 67240.000000
5597.135423 580.648453 67280.000000
5597.171468 580.650158 67320.000000
5597.207431 580.651860 67360.000000
5597.243314 580.653556 67400.000000
5597.279117 580.655251 67440.000000
5597.314838 580.656944 67480.000000
5597.350479 580.658633 67520.000000
5597.386039 580.660320 67560.000000
5597.421519 580.662003 67600.000000
5597.456918 580.663683 67640.000000
5597.492237 580.665360 67680.000000
5597.527476 580.667033 67720.000000
5597.562636 580.668705 67760.000000
5597.597715 580.670371 67800.000000
5597.632716 580.672036 67840.000000
5597.667637 580.673698 67880.000000
5597.702478 580.675356 67920.000000
5597.737241 580.677010 67960.000000
5597.771926 580.678662 68000.000000
5597.806532 580.680311 68040.000000
5597.841062 580.681955 68080.000000
5597.875514 580.683597 68120.000000
5597.909888 580.685238 68160.000000
5597.944185 580.686876 68200.000000
5597.978402 580.688512 68240.000000
5598.012542 580.690142 68280.000000
5598.046605 580.691769 68320.000000
5598.080593 580.693393 68360.000000
5598.114505 580.695016 68400.000000
5598.148339 580.696639 68440.000000
5598.182095 580.698253 68480.000000
5598.215777 580.699865 68520.000000
5598.249384 580.701474 68560.000000
5598.282916 580.703080 68600.000000
5598.316374 580.704684 68640.000000
5598.349757 580.706285 68680.000000
5598.383066 580.707882 68720.000000
5598.416303 580.709478 68760.000000
5598.449464 580.711070 68800.000000
5598.482552 580.712661 68840.000000
5598.515566 580.714249 68880.000000
5598.548506 580.715832 68920.000000
5598.581372 580.717414 68960.000000
5598.614166 580.718992 69000.000000
5598.646888 580.720568 69040.000000
5598.679537 580.722142 69080.000000
5598.712113 580.723713 69120.000000
5598.744616 580.725282 69160.000000
5598.777046 580.726846 69200.000000
5598.809405 580.728408 69240.000000
5598.841693 580.729967 69280.000000
5598.873910 580.731525 69320.000000
5598.906055 580.733080 69360.000000
5598.938128 580.734631 69400.000000
5598.970130 580.736180 69440.000000
5599.002063 580.737725 69480.000000
5599.033924 580.739268 69520.000000
5599.065716 580.740810 69560.000000
5599.097437 580.742348 69600.000000
5599.129087 580.743884 69640.000000
5599.160668 580.745417 69680.000000
5599.192179 580.746948 69720.000000
5599.223620 580.748476 69760.000000
5599.254992 580.750002 69800.000000
5599.286294 580.751525 69840.000000
5599.317527 580.753046 69880.000000
5599.348690 580.754564 69920.000000
5599.379785 580.756080 69960.000000
5599.410811 580.757593 70000.000000
5599.441768 580.759104 70040.000000
5599.472656 580.760611 70080.000000
5599.503476 580.762117 70120.000000
5599.534227 580.763621 70160.000000
5599.564911 580.765121 70200.000000
5599.595526 580.766618 70240.000000
5599.626074 580.768114 70280.000000
5599.656554 580.769607 70320.000000
5599.686967 580.771097 70360.000000
5599.717313 580.772585 70400.000000
5599.747592 580.774072 70440.000000
5599.777803 580.775554 70480.000000
5599.807948 580.777035 70520.000000
5599.838025 580.778514 70560.000000
5599.868035 580.779991 70600.000000
5599.897978 580.781465 70640.000000
5599.927855 580.782938 70680.000000
5599.957665 580.784407 70720.000000
5599.987408 580.785874 70760.000000
5600.017085 580.787338 70800.000000
5600.046696 580.788803 70840.000000
5600.076239 580.790262 70880.000000
5600.105717 580.791719 70920.000000
5600.135129 580.793173 70960.000000
5600.164476 580.794626 71000.000000
5600.193759 580.796075 71040.000000
5600.222975 580.797523 71080.000000
5600.252127 580.798969 71120.000000
5600.281214 580.800412 71160.000000
5600.310235 580.801854 71200.000000
5600.339191 580.803293 71240.000000
5600.368083 580.804729 71280.000000
5600.396910 580.806164 71320.000000
5600.425672 580.807596 71360.000000
5600.454369 580.809026 71400.000000
5600.483002 580.810453 71440.000000
5600.511571 580.811878 71480.000000
5600.540076 580.813301 71520.000000
5600.568517 580.814721 71560.000000
5600.596895 580.816140 71600.000000
5600.625208 580.817556 71640.000000
5600.653459 580.818968 71680.000000
5600.681647 580.820380 71720.000000
5600.709771 580.821790 71760.000000
5600.737831 580.823198 71800.000000
5600.765827 580.824603 71840.000000
5600.793760 580.826006 71880.000000
5600.821631 580.827407 71920.000000
5600.849437 580.828806 71960.000000
5600.877182 580.830202 72000.000000
5600.904863 580.831596 72040.000000
5600.932483 580.832988 72080.000000
5600.960039 580.834383 72120.000000
5600.987529 580.835770 72160.000000
5601.014958 580.837154 72200.000000
5601.042326 580.838535 72240.000000
5601.069632 580.839915 72280.000000
5601.096877 580.841293 72320.000000
5601.124061 580.842670 72360.000000
5601.151183 580.844043 72400.000000
5601.178245 580.845415 72440.000000
5601.205244 580.846785 72480.000000
5601.232183 580.848154 72520.000000
5601.259061 580.849520 72560.000000
5601.285876 580.850886 72600.000000
5601.312630 580.852246 72640.000000
5601.339324 580.853604 72680.000000
5601.365958 580.854961 72720.000000
5601.392531 580.856315 72760.000000
5601.419044 580.857668 72800.000000
5601.445497 580.859018 72840.000000
5601.471890 580.860366 72880.000000
5601.498223 580.861713 72920.000000
5601.524496 580.863057 72960.000000
5601.550709 580.864399 73000.000000
5601.576863 580.865739 73040.000000
5601.602957 580.867077 73080.000000
5601.628991 580.868413 73120.000000
5601.654966 580.869747 73160.000000
5601.680882 580.871079 73200.000000
5601.706739 580.872408 73240.000000
5601.732537 580.873736 73280.000000
5601.758276 580.875061 73320.000000
5601.783957 580.876383 73360.000000
5601.809581 580.877702 73400.000000
5601.835146 580.879022 73440.000000
5601.860652 580.880340 73480.000000
5601.886099 580.881655 73520.000000
5601.911488 580.882969 73560.000000
5601.936818 580.884280 73600.000000
5601.962090 580.885589 73640.000000
5601.987305 580.886895 73680.000000
5602.012461 580.888200 73720.000000
5602.037561 580.889503 73760.000000
5602.062602 580.890803 73800.000000
5602.087586 580.892102 73840.000000
5602.112513 580.893398 73880.000000
5602.137383 580.894692 73920.000000
5602.162196 580.895985 73960.000000
5602.186952 580.897275 74000.000000
5602.211652 580.898563 74040.000000
5602.236295 580.899849 74080.000000
5602.260881 580.901133 74120.000000
5602.285412 580.902415 74160.000000
5602.309885 580.903697 74200.000000
5602.334302 580.904975 74240.000000
5602.358663 580.906251 74280.000000
5602.382968 580.907523 74320.000000
5602.407219 580.908794 74360.000000
5602.431414 580.910063 74400.000000
5602.455555 580.911329 74440.000000
5602.479642 580.912594 74480.000000
5602.503673 580.913857 74520.000000
5602.527650 580.915118 74560.000000
5602.551573 580.916378 74600.000000
5602.575441 580.917635 74640.000000
5602.599255 580.918890 74680.000000
5602.623015 580.920143 74720.000000
5602.646721 580.921394 74760.000000
5602.670373 580.922643 74800.000000
5602.693971 580.923890 74840.000000
5602.717516 580.925135 74880.000000
5602.741007 580.926378 74920.000000
5602.764444 580.927619 74960.000000
5602.787829 580.928858 75000.000000
5602.811160 580.930097 75040.000000
5602.834438 580.931331 75080.000000
5602.857664 580.932562 75120.000000
5602.880838 580.933793 75160.000000
5602.903960 580.935022 75200.000000
5602.927028 580.936250 75240.000000
5602.950044 580.937475 75280.000000
5602.973008 580.938698 75320.000000
5602.995920 580.939919 75360.000000
5603.018780 580.941140 75400.000000
5603.041588 580.942356 75440.000000
5603.064344 580.943571 75480.000000
5603.087049 580.944784 75520.000000
5603.109703 580.945995 75560.000000
5603.132306 580.947204 75600.000000
5603.154858 580.948411 75640.000000
5603.177359 580.949616 75680.000000
5603.199810 580.950820 75720.000000
5603.222210 580.952020 75760.000000
5603.244561 580.953221 75800.000000
5603.266860 580.954421 75840.000000
5603.289108 580.955616 75880.000000
5603.311306 580.956809 75920.000000
5603.333454 580.958000 75960.000000
5603.355552 580.959188 76000.000000
5603.377602 580.960374 76040.000000
5603.399604 580.961559 76080.000000
5603.421557 580.962742 76120.000000
5603.443461 580.963923 76160.000000
5603.465316 580.965102 76200.000000
5603.487124 580.966280 76240.000000
5603.508883 580.967455 76280.000000
5603.530593 580.968629 76320.000000
5603.552256 580.969801 76360.000000
5603.573870 580.970970 76400.000000
5603.595437 580.972138 76440.000000
5603.616955 580.973304 76480.000000
5603.638427 580.974468 76520.000000
5603.659851 580.975630 76560.000000
5603.681227 580.976790 76600.000000
5603.702556 580.977949 76640.000000
5603.723839 580.979105 76680.000000
5603.745074 580.980260 76720.000000
5603.766262 580.981414 76760.000000
5603.787404 580.982565 76800.000000
5603.808498 580.983714 76840.000000
5603.829545 580.984861 76880.000000
5603.850547 580.986005 76920.000000
5603.871502 580.987148 76960.000000
5603.892413 580.988288 77000.000000
5603.913278 580.989427 77040.000000
5603.934098 580.990564 77080.000000
5603.954872 580.991701 77120.000000
5603.975601 580.992834 77160.000000
5603.996285 580.993965 77200.000000
5604.016924 580.995094 77240.000000
5604.037519 580.996222 77280.000000
5604.058069 580.997348 77320.000000
5604.078574 580.998474 77360.000000
5604.099034 580.999596 77400.000000
5604.119450 581.000717 77440.000000
5604.139822 581.001835 77480.000000
5604.160150 581.002951 77520.000000
5604.180435 581.004066 77560.000000
5604.200677 581.005178 77600.000000
5604.220875 581.006290 77640.000000
5604.241029 581.007402 77680.000000
5604.261139 581.008510 77720.000000
5604.281205 581.009614 77760.000000
5604.301230 581.010717 77800.000000
5604.321212 581.011818 77840.000000
5604.341152 581.012919 77880.000000
5604.361049 581.014017 77920.000000
5604.380904 581.015114 77960.000000
5604.400717 581.016209 78000.000000
5604.420488 581.017300 78040.000000
5604.440218 581.018391 78080.000000
5604.459906 581.019480 78120.000000
5604.479553 581.020568 78160.000000
5604.499158 581.021653 78200.000000
5604.518722 581.022737 78240.000000
5604.538244 581.023819 78280.000000
5604.557726 581.024900 78320.000000
5604.577166 581.025978 78360.000000
5604.596566 581.027055 78400.000000
5604.615925 581.028130 78440.000000
5604.635245 581.029203 78480.000000
5604.654523 581.030274 78520.000000
5604.673763 581.031343 78560.000000
5604.692961 581.032412 78600.000000
5604.712119 581.033479 78640.000000
5604.731237 581.034543 78680.000000
5604.750315 581.035606 78720.000000
5604.769353 581.036668 78760.000000
5604.788352 581.037727 78800.000000
5604.807311 581.038785 78840.000000
5604.826230 581.039841 78880.000000
5604.845110 581.040895 78920.000000
5604.863951 581.041949 78960.000000
5604.882753 581.043000 79000.000000
5604.901515 581.044049 79040.000000
5604.920239 581.045096 79080.000000
5604.938924 581.046142 79120.000000
5604.957571 581.047185 79160.000000
5604.976180 581.048227 79200.000000
5604.994751 581.049268 79240.000000
5605.013284 581.050307 79280.000000
5605.031779 581.051346 79320.000000
5605.050234 581.052384 79360.000000
5605.068650 581.053419 79400.000000
5605.087029 581.054449 79440.000000
5605.105372 581.055478 79480.000000
5605.123678 581.056505 79520.000000
5605.141949 581.057532 79560.000000
5605.160181 581.058557 79600.000000
5605.178378 581.059580 79640.000000
5605.196538 581.060601 79680.000000
5605.214662 581.061621 79720.000000
5605.232750 581.062639 79760.000000
5605.250801 581.063656 79800.000000
5605.268817 581.064672 79840.000000
5605.286796 581.065685 79880.000000
5605.304739 581.066698 79920.000000
5605.322646 581.067709 79960.000000
5605.340517 581.068718 80000.000000
5605.358353 581.069724 80040.000000
5605.376153 581.070730 80080.000000
5605.393918 581.071735 80120.000000
5605.411647 581.072738 80160.000000
5605.429340 581.073738 80200.000000
5605.446998 581.074740 80240.000000
5605.464620 581.075738 80280.000000
5605.482207 581.076734 80320.000000
5605.499759 581.077728 80360.000000
5605.517277 581.078721 80400.000000
5605.534760 581.079712 80440.000000
5605.552208 581.080702 80480.000000
5605.569622 581.081691 80520.000000
5605.587001 581.082679 80560.000000
5605.604345 581.083665 80600.000000
5605.621654 581.084648 80640.000000
5605.638930 581.085630 80680.000000
5605.656172 581.086611 80720.000000
5605.673380 581.087590 80760.000000
5605.690554 581.088567 80800.000000
5605.707694 581.089544 80840.000000
5605.724801 581.090518 80880.000000
5605.741875 581.091491 80920.000000
5605.758914 581.092462 80960.000000
5605.775921 581.093432 81000.000000
5605.792894 581.094402 81040.000000
5605.809834 581.095371 81080.000000
5605.826740 581.096336 81120.000000
5605.843612 581.097299 81160.000000
5605.860453 581.098261 81200.000000
5605.877261 581.099221 81240.000000
5605.894037 581.100180 81280.000000
5605.910780 581.101138 81320.000000
5605.927491 581.102094 81360.000000
5605.944169 581.103049 81400.000000
5605.960816 581.104002 81440.000000
5605.977430 581.104954 81480.000000
5605.994012 581.105904 81520.000000
5606.010563 581.106853 81560.000000
5606.027081 581.107801 81600.000000
5606.043567 581.108747 81640.000000
5606.060022 581.109691 81680.000000
5606.076445 581.110635 81720.000000
5606.092836 581.111576 81760.000000
5606.109196 581.112517 81800.000000
5606.125524 581.113456 81840.000000
5606.141821 581.114394 81880.000000
5606.158086 581.115330 81920.000000
5606.174320 581.116265 81960.000000
5606.190523 581.117198 82000.000000
5606.206694 581.118129 82040.000000
5606.222835 581.119060 82080.000000
5606.238944 581.119989 82120.000000
5606.255023 581.120916 82160.000000
5606.271071 581.121843 82200.000000
5606.287087 581.122770 82240.000000
5606.303072 581.123692 82280.000000
5606.319027 581.124614 82320.000000
5606.334952 581.125534 82360.000000
5606.350846 581.126452 82400.000000
5606.366711 581.127370 82440.000000
5606.382546 581.128286 82480.000000
5606.398350 581.129200 82520.000000
5606.414125 581.130114 82560.000000
5606.429870 581.131026 82600.000000
5606.445584 581.131936 82640.000000
5606.461270 581.132846 82680.000000
5606.476924 581.133758 82720.000000
5606.492548 581.134664 82760.000000
5606.508142 581.135567 82800.000000
5606.523707 581.136470 82840.000000
5606.539244 581.137372 82880.000000
5606.554751 581.138273 82920.000000
5606.570229 581.139172 82960.000000
5606.585678 581.140071 83000.000000
5606.601098 581.140968 83040.000000
5606.616488 581.141864 83080.000000
5606.631850 581.142758 83120.000000
5606.647182 581.143651 83160.000000
5606.662486 581.144543 83200.000000
5606.677760 581.145435 83240.000000
5606.693005 581.146323 83280.000000
5606.708221 581.147211 83320.000000
5606.723409 581.148097 83360.000000
5606.738569 581.148982 83400.000000
5606.753700 581.149865 83440.000000
5606.768802 581.150748 83480.000000
5606.783876 581.151629 83520.000000
5606.798922 581.152509 83560.000000
5606.813939 581.153388 83600.000000
5606.828927 581.154266 83640.000000
5606.843888 581.155142 83680.000000
5606.858819 581.156016 83720.000000
5606.873723 581.156890 83760.000000
5606.888598 581.157762 83800.000000
5606.903446 581.158632 83840.000000
5606.918266 581.159501 83880.000000
5606.933058 581.160369 83920.000000
5606.947823 581.161235 83960.000000
5606.962560 581.162101 84000.000000
5606.977270 581.162965 84040.000000
5606.991952 581.163828 84080.000000
5607.006606 581.164690 84120.000000
5607.021233 581.165550 84160.000000
5607.035833 581.166409 84200.000000
5607.050405 581.167267 84240.000000
5607.064950 581.168124 84280.000000
5607.079467 581.168979 84320.000000
5607.093957 581.169833 84360.000000
5607.108420 581.170686 84400.000000
5607.122856 581.171537 84440.000000
5607.137264 581.172388 84480.000000
5607.151647 581.173235 84520.000000
5607.166004 581.174081 84560.000000
5607.180334 581.174928 84600.000000
5607.194637 581.175774 84640.000000
5607.208912 581.176618 84680.000000
5607.223161 581.177461 84720.000000
5607.237382 581.178303 84760.000000
5607.251577 581.179143 84800.000000
5607.265745 581.179983 84840.000000
5607.279887 581.180820 84880.000000
5607.294002 581.181657 84920.000000
5607.308091 581.182492 84960.000000
5607.322153 581.183326 85000.000000
5607.336189 581.184159 85040.000000
5607.350198 581.184991 85080.000000
5607.364182 581.185821 85120.000000
5607.378139 581.186650 85160.000000
5607.392070 581.187478 85200.000000
5607.405975 581.188304 85240.000000
5607.419855 581.189129 85280.000000
5607.433709 581.189952 85320.000000
5607.447538 581.190776 85360.000000
5607.461340 581.191598 85400.000000
5607.475116 581.192418 85440.000000
5607.488866 581.193238 85480.000000
5607.502591 581.194055 85520.000000
5607.516290 581.194872 85560.000000
5607.529964 581.195687 85600.000000
5607.543613 581.196501 85640.000000
5607.557236 581.197314 85680.000000
5607.570834 581.198126 85720.000000
5607.584407 581.198937 85760.000000
5607.597954 581.199746 85800.000000
5607.611477 581.200554 85840.000000
5607.624974 581.201361 85880.000000
5607.638446 581.202167 85920.000000
5607.651893 581.202971 85960.000000
5607.665316 581.203774 86000.000000
5607.678713 581.204576 86040.000000
5607.692086 581.205377 86080.000000
5607.705434 581.206177 86120.000000
5607.718757 581.206976 86160.000000
5607.732055 581.207772 86200.000000
5607.745330 581.208568 86240.000000
5607.758580 581.209362 86280.000000
5607.771805 581.210156 86320.000000
5607.785006 581.210948 86360.000000
5607.798183 581.211740 86400.000000
5607.811335 581.212531 86440.000000
5607.824462 581.213322 86480.000000
5607.837564 581.214108 86520.000000
5607.850642 581.214894 86560.000000
5607.863697 581.215679 86600.000000
5607.876728 581.216462 86640.000000
5607.889734 581.217245 86680.000000
5607.902717 581.218027 86720.000000
5607.915676 581.218807 86760.000000
5607.928612 581.219586 86800.000000
5607.941523 581.220365 86840.000000
5607.954410 581.221142 86880.000000
5607.967274 581.221917 86920.000000
5607.980114 581.222692 86960.000000
5607.992930 581.223465 87000.000000
5608.005723 581.224238 87040.000000
5608.018493 581.225008 87080.000000
5608.031240 581.225776 87120.000000
5608.043963 581.226545 87160.000000
5608.056663 581.227313 87200.000000
5608.069339 581.228079 87240.000000
5608.081992 581.228845 87280.000000
5608.094621 581.229609 87320.000000
5608.107227 581.230372 87360.000000
5608.119810 581.231133 87400.000000
5608.132370 581.231894 87440.000000
5608.144906 581.232653 87480.000000
5608.157420 581.233411 87520.000000
5608.169910 581.234168 87560.000000
5608.182377 581.234924 87600.000000
5608.194822 581.235678 87640.000000
5608.207244 581.236431 87680.000000
5608.219644 581.237183 87720.000000
5608.232021 581.237934 87760.000000
5608.244375 581.238683 87800.000000
5608.256707 581.239431 87840.000000
5608.269016 581.240179 87880.000000
5608.281303 581.240927 87920.000000
5608.293566 581.241671 87960.000000
5608.305808 581.242414 88000.000000
5608.318028 581.243156 88040.000000
5608.330225 581.243898 88080.000000
5608.342401 581.244637 88120.000000
5608.354555 581.245377 88160.000000
5608.366686 581.246114 88200.000000
5608.378797 581.246850 88240.000000
5608.390885 581.247585 88280.000000
5608.402952 581.248319 88320.000000
5608.414997 581.249052 88360.000000
5608.427021 581.249783 88400.000000
5608.439023 581.250514 88440.000000
5608.451004 581.251243 88480.000000
5608.462963 581.251971 88520.000000
5608.474901 581.252698 88560.000000
5608.486817 581.253424 88600.000000
5608.498713 581.254149 88640.000000
5608.510587 581.254872 88680.000000
5608.522438 581.255597 88720.000000
5608.534268 581.256319 88760.000000
5608.546075 581.257041 88800.000000
5608.557861 581.257759 88840.000000
5608.569626 581.258475 88880.000000
5608.581372 581.259190 88920.000000
5608.593096 581.259905 88960.000000
5608.604801 581.260618 89000.000000
5608.616485 581.261330 89040.000000
5608.628149 581.262041 89080.000000
5608.639793 581.262752 89120.000000
5608.651415 581.263461 89160.000000
5608.663018 581.264169 89200.000000
5608.674600 581.264875 89240.000000
5608.686161 581.265581 89280.000000
5608.697703 581.266285 89320.000000
5608.709224 581.266989 89360.000000
5608.720724 581.267691 89400.000000
5608.732205 581.268392 89440.000000
5608.743665 581.269092 89480.000000
5608.755105 581.269790 89520.000000
5608.766525 581.270488 89560.000000
5608.777924 581.271188 89600.000000
5608.789302 581.271883 89640.000000
5608.800659 581.272576 89680.000000
5608.811997 581.273267 89720.000000
5608.823316 581.273958 89760.000000
5608.834616 581.274647 89800.000000
5608.845896 581.275335 89840.000000
5608.857158 581.276022 89880.000000
5608.868400 581.276708 89920.000000
5608.879623 581.277393 89960.000000
5608.890828 581.278077 90000.000000
5608.902012 581.278760 90040.000000
5608.913178 581.279441 90080.000000
5608.924324 581.280121 90120.000000
5608.935453 581.280800 90160.000000
5608.946562 581.281478 90200.000000
5608.957652 581.282155 90240.000000
5608.968723 581.282830 90280.000000
5608.979775 581.283505 90320.000000
5608.990808 581.284178 90360.000000
5609.001822 581.284850 90400.000000
5609.012817 581.285521 90440.000000
5609.023794 581.286190 90480.000000
5609.034752 581.286863 90520.000000
5609.045688 581.287530 90560.000000
5609.056607 581.288194 90600.000000
5609.067507 581.288858 90640.000000
5609.078390 581.289522 90680.000000
5609.089254 581.290184 90720.000000
5609.100100 581.290844 90760.000000
5609.110929 581.291503 90800.000000
5609.121740 581.292161 90840.000000
5609.132533 581.292818 90880.000000
5609.143309 581.293473 90920.000000
5609.154066 581.294127 90960.000000
5609.164806 581.294781 91000.000000
5609.175529 581.295433 91040.000000
5609.186234 581.296083 91080.000000
5609.196921 581.296733 91120.000000
5609.207591 581.297381 91160.000000
5609.218244 581.298028 91200.000000
5609.228879 581.298674 91240.000000
5609.239496 581.299320 91280.000000
5609.250095 581.299964 91320.000000
5609.260676 581.300605 91360.000000
5609.271242 581.301246 91400.000000
5609.281790 581.301884 91440.000000
5609.292322 581.302522 91480.000000
5609.302838 581.303158 91520.000000
5609.313338 581.303793 91560.000000
5609.323821 581.304427 91600.000000
5609.334287 581.305060 91640.000000
5609.344736 581.305692 91680.000000
5609.355169 581.306323 91720.000000
5609.365586 581.306953 91760.000000
5609.375984 581.307582 91800.000000
5609.386366 581.308211 91840.000000
5609.396730 581.308835 91880.000000
5609.407079 581.309460 91920.000000
5609.417411 581.310082 91960.000000
5609.427728 581.310703 92000.000000
5609.438029 581.311324 92040.000000
5609.448311 581.311946 92080.000000
5609.458578 581.312566 92120.000000
5609.468828 581.313177 92160.000000
5609.479066 581.313790 92200.000000
5609.489289 581.314402 92240.000000
5609.499498 581.315014 92280.000000
5609.509692 581.315623 92320.000000
5609.519871 581.316232 92360.000000
5609.530035 581.316839 92400.000000
5609.540184 581.317447 92440.000000
5609.550318 581.318052 92480.000000
5609.560436 581.318657 92520.000000
5609.570539 581.319260 92560.000000
5609.580626 581.319863 92600.000000
5609.590699 581.320463 92640.000000
5609.600755 581.321063 92680.000000
5609.610797 581.321661 92720.000000
5609.620824 581.322258 92760.000000
5609.630835 581.322853 92800.000000
5609.640832 581.323447 92840.000000
5609.650813 581.324040 92880.000000
5609.660780 581.324631 92920.000000
5609.670732 581.325221 92960.000000
5609.680669 581.325809 93000.000000
5609.690592 581.326395 93040.000000
5609.700502 581.326980 93080.000000
5609.710397 581.327565 93120.000000
5609.720277 581.328148 93160.000000
5609.730143 581.328729 93200.000000
5609.739996 581.329308 93240.000000
5609.749834 581.329887 93280.000000
5609.759659 581.330463 93320.000000
5609.769471 581.331038 93360.000000
5609.779270 581.331612 93400.000000
5609.789054 581.332185 93440.000000
5609.798825 581.332756 93480.000000
5609.808582 581.333325 93520.000000
5609.818327 581.333893 93560.000000
5609.828058 581.334459 93600.000000
5609.837777 581.335023 93640.000000
5609.847484 581.335587 93680.000000
5609.857178 581.336149 93720.000000
5609.866859 581.336709 93760.000000
5609.876528 581.337269 93800.000000
5609.886184 581.337827 93840.000000
5609.895827 581.338383 93880.000000
5609.905458 581.338938 93920.000000
5609.915076 581.339492 93960.000000
5609.924682 581.340044 94000.000000
5609.934275 581.340594 94040.000000
5609.943856 581.341142 94080.000000
5609.953426 581.341689 94120.000000
5609.962983 581.342236 94160.000000
5609.972528 581.342780 94200.000000
5609.982061 581.343324 94240.000000
5609.991581 581.343865 94280.000000
5610.001090 581.344405 94320.000000
5610.010587 581.344943 94360.000000
5610.020073 581.345479 94400.000000
5610.029548 581.346014 94440.000000
5610.039011 581.346548 94480.000000
5610.048462 581.347081 94520.000000
5610.057902 581.347610 94560.000000
5610.067331 581.348139 94600.000000
5610.076750 581.348666 94640.000000
5610.086157 581.349191 94680.000000
5610.095554 581.349715 94720.000000
5610.104939 581.350237 94760.000000
5610.114313 581.350763 94800.000000
5610.123672 581.351285 94840.000000
5610.133020 581.351801 94880.000000
5610.142360 581.352314 94920.000000
5610.151691 581.352826 94960.000000
5610.161012 581.353337 95000.000000
5610.170325 581.353847 95040.000000
5610.179628 581.354355 95080.000000
5610.188921 581.354862 95120.000000
5610.198204 581.355367 95160.000000
5610.207478 581.355871 95200.000000
5610.216742 581.356373 95240.000000
5610.225996 581.356874 95280.000000
5610.235241 581.357373 95320.000000
5610.244476 581.357870 95360.000000
5610.253702 581.358365 95400.000000
5610.262918 581.358859 95440.000000
5610.272125 581.359351 95480.000000
5610.281322 581.359841 95520.000000
5610.290510 581.360330 95560.000000
5610.299689 581.360816 95600.000000
5610.308859 581.361301 95640.000000
5610.318020 581.361784 95680.000000
5610.327172 581.362266 95720.000000
5610.336315 581.362744 95760.000000
5610.345451 581.363221 95800.000000
5610.354578 581.363695 95840.000000
5610.363698 581.364169 95880.000000
5610.372809 581.364640 95920.000000
5610.381913 581.365109 95960.000000
5610.391009 581.365577 96000.000000
5610.400097 581.366043 96040.000000
5610.409177 581.366507 96080.000000
5610.418249 581.366970 96120.000000
5610.427313 581.367430 96160.000000
5610.436370 581.367888 96200.000000
5610.445420 581.368344 96240.000000
5610.454462 581.368798 96280.000000
5610.463498 581.369250 96320.000000
5610.472526 581.369699 96360.000000
5610.481548 581.370147 96400.000000
5610.490563 581.370593 96440.000000
5610.499571 581.371037 96480.000000
5610.508573 581.371481 96520.000000
5610.517567 581.371921 96560.000000
5610.526554 581.372359 96600.000000
5610.535536 581.372794 96640.000000
5610.544511 581.373227 96680.000000
5610.553481 581.373657 96720.000000
5610.562446 581.374085 96760.000000
5610.571405 581.374511 96800.000000
5610.580360 581.374935 96840.000000
5610.589309 581.375357 96880.000000
5610.598253 581.375777 96920.000000
5610.607193 581.376194 96960.000000
5610.616127 581.376610 97000.000000
5610.625056 581.377023 97040.000000
5610.633981 581.377434 97080.000000
5610.642900 581.377843 97120.000000
5610.651816 581.378249 97160.000000
5610.660726 581.378655 97200.000000
5610.669631 581.379056 97240.000000
5610.678533 581.379454 97280.000000
5610.687430 581.379852 97320.000000
5610.696323 581.380249 97360.000000
5610.705211 581.380642 97400.000000
5610.714095 581.381030 97440.000000
5610.722977 581.381414 97480.000000
5610.731856 581.381797 97520.000000
5610.740733 581.382178 97560.000000
5610.749608 581.382556 97600.000000
5610.758481 581.382932 97640.000000
5610.767352 581.383305 97680.000000
5610.776221 581.383676 97720.000000
5610.785087 581.384044 97760.000000
5610.793952 581.384410 97800.000000
5610.802816 581.384772 97840.000000
5610.811677 581.385133 97880.000000
5610.820537 581.385490 97920.000000
5610.829396 581.385845 97960.000000
5610.838254 581.386197 98000.000000
5610.847110 581.386546 98040.000000
5610.855966 581.386892 98080.000000
5610.864822 581.387235 98120.000000
5610.873677 581.387576 98160.000000
5610.882531 581.387914 98200.000000
5610.891384 581.388248 98240.000000
5610.900239 581.388579 98280.000000
5610.909093 581.388907 98320.000000
5610.917949 581.389231 98360.000000
5610.926806 581.389553 98400.000000
5610.935664 581.389872 98440.000000
5610.944523 581.390187 98480.000000
5610.953385 581.390499 98520.000000
5610.962248 581.390808 98560.000000
5610.971113 581.391113 98600.000000
5610.979981 581.391416 98640.000000
5610.988851 581.391715 98680.000000
5610.997724 581.392010 98720.000000
5611.006600 581.392302 98760.000000
5611.015480 581.392590 98800.000000
5611.024363 581.392875 98840.000000
5611.033250 581.393156 98880.000000
5611.042142 581.393434 98920.000000
5611.051038 581.393708 98960.000000
5611.059939 581.393978 99000.000000
5611.068845 581.394245 99040.000000
5611.077756 581.394507 99080.000000
5611.086674 581.394766 99120.000000
5611.095597 581.395021 99160.000000
5611.104527 581.395272 99200.000000
5611.113464 581.395519 99240.000000
5611.122408 581.395762 99280.000000
5611.131360 581.396001 99320.000000
5611.140319 581.396236 99360.000000
5611.149286 581.396466 99400.000000
5611.158261 581.396692 99440.000000
5611.167246 581.396914 99480.000000
5611.176240 581.397132 99520.000000
5611.185243 581.397345 99560.000000
5611.194257 581.397554 99600.000000
5611.203281 581.397758 99640.000000
5611.212316 581.397957 99680.000000
5611.221362 581.398152 99720.000000
5611.230421 581.398342 99760.000000
5611.239491 581.398529 99800.000000
5611.248573 581.398710 99840.000000
5611.257668 581.398885 99880.000000
5611.266778 581.399055 99920.000000
5611.275903 581.399219 99960.000000
