2201.813890 374.049929 0.000000
2209.132831 374.017367 40.000000
2216.959657 374.250146 80.000000
2225.207192 374.683814 120.000000
2233.794687 375.282829 160.000000
2242.652218 376.022788 200.000000
2251.717224 376.884671 240.000000
2260.932732 377.852524 280.000000
2270.246368 378.912308 320.000000
2279.609771 380.051375 360.000000
2288.978268 381.258062 400.000000
2298.310597 382.521614 440.000000
2307.568745 383.831987 480.000000
2316.717829 385.179789 520.000000
2325.725975 386.556250 560.000000
2334.564235 387.953176 600.000000
2343.206484 389.362888 640.000000
2351.629350 390.778287 680.000000
2359.812101 392.192741 720.000000
2367.736591 393.600092 760.000000
2375.387169 394.994662 800.000000
2382.750574 396.371300 840.000000
2389.815822 397.725245 880.000000
2396.574146 399.052179 920.000000
2403.018865 400.348219 960.000000
2409.145284 401.609947 1000.000000
2414.950580 402.834266 1040.000000
2420.433687 404.018537 1080.000000
2425.595196 405.160448 1120.000000
2430.437228 406.258078 1160.000000
2434.963307 407.309863 1200.000000
2439.178252 408.314539 1240.000000
2443.088061 409.271177 1280.000000
2446.699795 410.179124 1320.000000
2450.021464 411.038025 1360.000000
2453.061924 411.847762 1400.000000
2455.830758 412.608480 1440.000000
2458.338173 413.320592 1480.000000
2460.594881 413.984664 1520.000000
2462.612035 414.601435 1560.000000
2464.401133 415.171857 1600.000000
2465.973921 415.697011 1640.000000
2467.342325 416.178111 1680.000000
2468.518375 416.616499 1720.000000
2469.514131 417.013613 1760.000000
2470.341626 417.370980 1800.000000
2471.012809 417.690196 1840.000000
2471.539488 417.972921 1880.000000
2471.933287 418.220860 1920.000000
2472.205601 418.435743 1960.000000
2472.367565 418.619319 2000.000000
2472.430025 418.773347 2040.000000
2472.403506 418.899586 2080.000000
2472.298196 418.999785 2120.000000
2472.123927 419.075667 2160.000000
2471.890162 419.128937 2200.000000
2471.605983 419.161260 2240.000000
2471.280091 419.174264 2280.000000
2470.920797 419.169533 2320.000000
2470.536023 419.148599 2360.000000
2470.133308 419.112943 2400.000000
2469.719815 419.063989 2440.000000
2469.302331 419.003100 2480.000000
2468.887285 418.931582 2520.000000
2468.480753 418.850672 2560.000000
2468.088476 418.761549 2600.000000
2467.715870 418.665327 2640.000000
2467.368045 418.563050 2680.000000
2467.049821 418.455706 2720.000000
2466.765742 418.344213 2760.000000
2466.520095 418.229425 2800.000000
2466.316941 418.112138 2840.000000
2466.160116 417.993086 2880.000000
2466.053264 417.872943 2920.000000
2465.999853 417.752327 2960.000000
2466.003192 417.631799 3000.000000
2466.066461 417.511867 3040.000000
2466.192722 417.392990 3080.000000
2466.384944 417.275575 3120.000000
2466.646026 417.159983 3160.000000
2466.978813 417.046530 3200.000000
2467.386120 416.935492 3240.000000
2467.870753 416.827102 3280.000000
2468.435527 416.721556 3320.000000
2469.083289 416.619016 3360.000000
2469.816940 416.519613 3400.000000
2470.639448 416.423446 3440.000000
2471.553876 416.330587 3480.000000
2472.563395 416.241085 3520.000000
2473.671311 416.154962 3560.000000
2474.881077 416.072222 3600.000000
2476.196317 415.992853 3640.000000
2477.620844 415.916824 3680.000000
2479.158677 415.844095 3720.000000
2480.814061 415.774613 3760.000000
2482.591486 415.708317 3800.000000
2484.495701 415.645140 3840.000000
2486.531737 415.585014 3880.000000
2488.704918 415.527870 3920.000000
2491.020881 415.473640 3960.000000
2493.485593 415.422264 4000.000000
2496.105359 415.373685 4040.000000
2498.886841 415.327860 4080.000000
2501.837072 415.284762 4120.000000
2504.963465 415.244377 4160.000000
2508.273822 415.206715 4200.000000
2511.776347 415.171811 4240.000000
2515.479639 415.139722 4280.000000
2519.392712 415.110545 4320.000000
2523.524985 415.084406 4360.000000
2527.886288 415.061478 4400.000000
2532.486847 415.041974 4440.000000
2537.337281 415.026160 4480.000000
2542.448586 415.014356 4520.000000
2547.832115 415.006941 4560.000000
2553.499555 415.004360 4600.000000
2559.462899 415.007129 4640.000000
2565.734405 415.015838 4680.000000
2572.326556 415.031159 4720.000000
2579.252010 415.053850 4760.000000
2586.523544 415.084755 4800.000000
2594.153982 415.124818 4840.000000
2602.156132 415.175079 4880.000000
2610.542698 415.236677 4920.000000
2619.326193 415.310857 4960.000000
2628.518845 415.398969 5000.000000
2638.132487 415.502465 5040.000000
2648.178455 415.622900 5080.000000
2658.667464 415.761933 5120.000000
2669.609492 415.921317 5160.000000
2681.013651 416.102888 5200.000000
2692.888063 416.308582 5240.000000
2705.239728 416.540391 5280.000000
2718.074385 416.800374 5320.000000
2731.396405 417.090639 5360.000000
2745.208654 417.413342 5400.000000
2759.512362 417.770643 5440.000000
2774.307028 418.164707 5480.000000
2789.590313 418.597680 5520.000000
2805.357944 419.071679 5560.000000
2821.603620 419.588770 5600.000000
2838.318946 420.150941 5640.000000
2855.493380 420.760098 5680.000000
2873.114180 421.418015 5720.000000
2891.166377 422.126358 5760.000000
2909.632756 422.886632 5800.000000
2928.493875 423.700189 5840.000000
2947.728084 424.568176 5880.000000
2967.311552 425.491548 5920.000000
2987.218353 426.471027 5960.000000
3007.420551 427.507127 6000.000000
3027.888266 428.600068 6040.000000
3048.589820 429.749869 6080.000000
3069.491869 430.956253 6120.000000
3090.559549 432.218646 6160.000000
3111.756684 433.536232 6200.000000
3133.045909 434.907889 6240.000000
3154.388897 436.332214 6280.000000
3175.746569 437.807529 6320.000000
3197.079301 439.331843 6360.000000
3218.347177 440.902969 6400.000000
3239.510140 442.518400 6440.000000
3260.528270 444.175448 6480.000000
3281.361973 445.871145 6520.000000
3301.972256 447.602279 6560.000000
3322.320927 449.365463 6600.000000
3342.370808 451.157110 6640.000000
3362.085942 452.973505 6680.000000
3381.431771 454.810765 6720.000000
3400.375336 456.664909 6760.000000
3418.885441 458.531830 6800.000000
3436.932813 460.407358 6840.000000
3454.490265 462.287234 6880.000000
3471.532818 464.167192 6920.000000
3488.037808 466.042956 6960.000000
3503.984978 467.910243 7000.000000
3519.356574 469.764889 7040.000000
3534.137313 471.602789 7080.000000
3548.314495 473.419866 7120.000000
3561.877999 475.212205 7160.000000
3574.820280 476.976028 7200.000000
3587.136325 478.707727 7240.000000
3598.823629 480.403863 7280.000000
3609.882141 482.061175 7320.000000
3620.314166 483.676704 7360.000000
3630.124280 485.247646 7400.000000
3639.319242 486.771440 7440.000000
3647.907878 488.245824 7480.000000
3655.900941 489.668760 7520.000000
3663.310994 491.038486 7560.000000
3670.152264 492.353505 7600.000000
3676.440512 493.612576 7640.000000
3682.192853 494.814803 7680.000000
3687.427603 495.959476 7720.000000
3692.164158 497.046180 7760.000000
3696.422822 498.074732 7800.000000
3700.224666 499.045213 7840.000000
3703.591373 499.957937 7880.000000
3706.545096 500.813441 7920.000000
3709.108314 501.612485 7960.000000
3711.303704 502.356015 8000.000000
3713.154013 503.045165 8040.000000
3714.681928 503.681253 8080.000000
3715.909972 504.265757 8120.000000
3716.860374 504.800279 8160.000000
3717.555011 505.286543 8200.000000
3718.015292 505.726384 8240.000000
3718.262091 506.121726 8280.000000
3718.315672 506.474573 8320.000000
3718.195626 506.786981 8360.000000
3717.920818 507.061055 8400.000000
3717.509340 507.298934 8440.000000
3716.978476 507.502767 8480.000000
3716.344673 507.674703 8520.000000
3715.623520 507.816888 8560.000000
3714.829735 507.931445 8600.000000
3713.977152 508.020465 8640.000000
3713.078725 508.086000 8680.000000
3712.146525 508.130061 8720.000000
3711.191753 508.154592 8760.000000
3710.224749 508.161486 8800.000000
3709.255010 508.152564 8840.000000
3708.291212 508.129579 8880.000000
3707.341225 508.094210 8920.000000
3706.412145 508.048054 8960.000000
3705.510322 507.992634 9000.000000
3704.641381 507.929391 9040.000000
3703.810259 507.859682 9080.000000
3703.021233 507.784784 9120.000000
3702.277953 507.705890 9160.000000
3701.583475 507.624110 9200.000000
3700.940293 507.540477 9240.000000
3700.350373 507.455940 9280.000000
3699.815186 507.371373 9320.000000
3699.335738 507.287569 9360.000000
3698.912608 507.205251 9400.000000
3698.545974 507.125068 9440.000000
3698.235648 507.047599 9480.000000
3697.981108 506.973355 9520.000000
3697.781524 506.902782 9560.000000
3697.635793 506.836265 9600.000000
3697.542560 506.774129 9640.000000
3697.500255 506.716639 9680.000000
3697.507117 506.664008 9720.000000
3697.561219 506.616399 9760.000000
3697.660494 506.573926 9800.000000
3697.802761 506.536657 9840.000000
3697.985745 506.504621 9880.000000
3698.207103 506.477806 9920.000000
3698.464442 506.456165 9960.000000
3698.755337 506.439621 10000.000000
3699.077356 506.428065 10040.000000
3699.428066 506.421366 10080.000000
3699.805057 506.419369 10120.000000
3700.205951 506.421899 10160.000000
3700.628417 506.428766 10200.000000
3701.070176 506.439768 10240.000000
3701.529017 506.454690 10280.000000
3702.002801 506.473309 10320.000000
3702.489469 506.495398 10360.000000
3702.987045 506.520724 10400.000000
3703.493643 506.549056 10440.000000
3704.007470 506.580158 10480.000000
3704.526823 506.613799 10520.000000
3705.050099 506.649750 10560.000000
3705.575789 506.687785 10600.000000
3706.102478 506.727687 10640.000000
3706.628847 506.769241 10680.000000
3707.153670 506.812239 10720.000000
3707.675816 506.856480 10760.000000
3708.194240 506.901771 10800.000000
3708.707988 506.947929 10840.000000
3709.216188 506.994773 10880.000000
3709.718057 507.042137 10920.000000
3710.212888 507.089859 10960.000000
3710.700052 507.137785 11000.000000
3711.178999 507.185770 11040.000000
3711.649249 507.233675 11080.000000
3712.110396 507.281369 11120.000000
3712.562101 507.328731 11160.000000
3713.004087 507.375646 11200.000000
3713.436145 507.422008 11240.000000
3713.858125 507.467718 11280.000000
3714.269931 507.512682 11320.000000
3714.671527 507.556817 11360.000000
3715.062925 507.600044 11400.000000
3715.444190 507.642296 11440.000000
3715.815431 507.683509 11480.000000
3716.176801 507.723628 11520.000000
3716.528495 507.762604 11560.000000
3716.870743 507.800397 11600.000000
3717.203813 507.836969 11640.000000
3717.528003 507.872296 11680.000000
3717.843642 507.906352 11720.000000
3718.151082 507.939124 11760.000000
3718.450700 507.970601 11800.000000
3718.742895 508.000780 11840.000000
3719.028078 508.029663 11880.000000
3719.306680 508.057255 11920.000000
3719.579140 508.083570 11960.000000
3719.845909 508.108622 12000.000000
3720.107444 508.132435 12040.000000
3720.364205 508.155032 12080.000000
3720.616653 508.176442 12120.000000
3720.865253 508.196697 12160.000000
3721.110463 508.215832 12200.000000
3721.352740 508.233886 12240.000000
3721.592532 508.250899 12280.000000
3721.830280 508.266915 12320.000000
3722.066417 508.281978 12360.000000
3722.301363 508.296136 12400.000000
3722.535526 508.309436 12440.000000
3722.769299 508.321927 12480.000000
3723.003062 508.333661 12520.000000
3723.237178 508.344687 12560.000000
3723.471993 508.355057 12600.000000
3723.707837 508.364823 12640.000000
3723.945017 508.374037 12680.000000
3724.183827 508.382747 12720.000000
3724.424539 508.391006 12760.000000
3724.667405 508.398863 12800.000000
3724.912659 508.406368 12840.000000
3725.160512 508.413569 12880.000000
3725.411156 508.420514 12920.000000
3725.664764 508.427248 12960.000000
3725.921487 508.433817 13000.000000
3726.181457 508.440263 13040.000000
3726.444786 508.446627 13080.000000
3726.711565 508.452951 13120.000000
3726.981870 508.459271 13160.000000
3727.255753 508.465625 13200.000000
3727.533252 508.472047 13240.000000
3727.814383 508.478570 13280.000000
3728.099149 508.485223 13320.000000
3728.387534 508.492037 13360.000000
3728.679506 508.499037 13400.000000
3728.975018 508.506248 13440.000000
3729.274007 508.513693 13480.000000
3729.576399 508.521392 13520.000000
3729.882105 508.529363 13560.000000
3730.191021 508.537623 13600.000000
3730.503037 508.546187 13640.000000
3730.818026 508.555067 13680.000000
3731.135856 508.564272 13720.000000
3731.456382 508.573812 13760.000000
3731.779456 508.583692 13800.000000
3732.104916 508.593919 13840.000000
3732.432599 508.604495 13880.000000
3732.762331 508.615421 13920.000000
3733.093938 508.626697 13960.000000
3733.427237 508.638320 14000.000000
3733.762047 508.650288 14040.000000
3734.098182 508.662594 14080.000000
3734.435451 508.675234 14120.000000
3734.773671 508.688200 14160.000000
3735.112648 508.701482 14200.000000
3735.452197 508.715072 14240.000000
3735.792129 508.728957 14280.000000
3736.132260 508.743127 14320.000000
3736.472407 508.757568 14360.000000
3736.812391 508.772268 14400.000000
3737.152037 508.787212 14440.000000
3737.491173 508.802385 14480.000000
3737.829632 508.817773 14520.000000
3738.167253 508.833360 14560.000000
3738.503881 508.849130 14600.000000
3738.839364 508.865068 14640.000000
3739.173558 508.881156 14680.000000
3739.506328 508.897379 14720.000000
3739.837542 508.913722 14760.000000
3740.167077 508.930168 14800.000000
3740.494815 508.946701 14840.000000
3740.820646 508.963305 14880.000000
3741.144469 508.979965 14920.000000
3741.466186 508.996667 14960.000000
3741.785711 509.013395 15000.000000
3742.102963 509.030136 15040.000000
3742.417866 509.046876 15080.000000
3742.730354 509.063602 15120.000000
3743.040366 509.080302 15160.000000
3743.347847 509.096964 15200.000000
3743.652749 509.113577 15240.000000
3743.955030 509.130129 15280.000000
3744.254654 509.146611 15320.000000
3744.551591 509.163014 15360.000000
3744.845815 509.179329 15400.000000
3745.137306 509.195548 15440.000000
3745.426047 509.211663 15480.000000
3745.712028 509.227668 15520.000000
3745.995240 509.243556 15560.000000
3746.275680 509.259322 15600.000000
3746.553349 509.274961 15640.000000
3746.828248 509.290467 15680.000000
3747.100385 509.305839 15720.000000
3747.369767 509.321071 15760.000000
3747.636406 509.336159 15800.000000
3747.900314 509.351102 15840.000000
3748.161507 509.365898 15880.000000
3748.420001 509.380544 15920.000000
3748.675814 509.395038 15960.000000
3748.928965 509.409380 16000.000000
3749.179475 509.423567 16040.000000
3749.427365 509.437599 16080.000000
3749.672657 509.451476 16120.000000
3749.915376 509.465195 16160.000000
3750.155543 509.478758 16200.000000
3750.393185 509.492162 16240.000000
3750.628325 509.505408 16280.000000
3750.860990 509.518495 16320.000000
3751.091205 509.531423 16360.000000
3751.318997 509.544192 16400.000000
3751.544394 509.556800 16440.000000
3751.767422 509.569249 16480.000000
3751.988111 509.581536 16520.000000
3752.206488 509.593662 16560.000000
3752.422584 509.605626 16600.000000
3752.636429 509.617428 16640.000000
3752.848053 509.629067 16680.000000
3753.057488 509.640543 16720.000000
3753.264767 509.651853 16760.000000
3753.469924 509.663000 16800.000000
3753.672993 509.673983 16840.000000
3753.874009 509.684800 16880.000000
3754.073007 509.695450 16920.000000
3754.270025 509.705935 16960.000000
3754.465101 509.716252 17000.000000
3754.658275 509.726403 17040.000000
3754.849585 509.736386 17080.000000
3755.039074 509.746201 17120.000000
3755.226784 509.755848 17160.000000
3755.412758 509.765328 17200.000000
3755.597040 509.774640 17240.000000
3755.779676 509.783785 17280.000000
3755.960712 509.792763 17320.000000
3756.140195 509.801577 17360.000000
3756.318172 509.810225 17400.000000
3756.494692 509.818709 17440.000000
3756.669804 509.827031 17480.000000
3756.843559 509.835192 17520.000000
3757.016006 509.843193 17560.000000
3757.187195 509.851037 17600.000000
3757.357178 509.858725 17640.000000
3757.526006 509.866259 17680.000000
3757.693729 509.873642 17720.000000
3757.860401 509.880877 17760.000000
3758.026072 509.887967 17800.000000
3758.190793 509.894914 17840.000000
3758.354616 509.901722 17880.000000
3758.517591 509.908394 17920.000000
3758.679768 509.914933 17960.000000
3758.841197 509.921344 18000.000000
3759.001925 509.927631 18040.000000
3759.162002 509.933796 18080.000000
3759.321475 509.939846 18120.000000
3759.480389 509.945784 18160.000000
3759.638789 509.951614 18200.000000
3759.796720 509.957341 18240.000000
3759.954224 509.962970 18280.000000
3760.111343 509.968505 18320.000000
3760.268115 509.973951 18360.000000
3760.424579 509.979313 18400.000000
3760.580773 509.984595 18440.000000
3760.736731 509.989804 18480.000000
3760.892487 509.994943 18520.000000
3761.048072 510.000018 18560.000000
3761.203516 510.005034 18600.000000
3761.358847 510.009994 18640.000000
3761.514092 510.014905 18680.000000
3761.669275 510.019771 18720.000000
3761.824417 510.024597 18760.000000
3761.979540 510.029388 18800.000000
3762.134661 510.034149 18840.000000
3762.289796 510.038882 18880.000000
3762.444961 510.043594 18920.000000
3762.600167 510.048289 18960.000000
3762.755425 510.052970 19000.000000
3762.910743 510.057641 19040.000000
3763.066127 510.062307 19080.000000
3763.221582 510.066970 19120.000000
3763.377112 510.071635 19160.000000
3763.532716 510.076306 19200.000000
3763.688394 510.080984 19240.000000
3763.844143 510.085674 19280.000000
3763.999958 510.090378 19320.000000
3764.155835 510.095098 19360.000000
3764.311764 510.099837 19400.000000
3764.467737 510.104597 19440.000000
3764.623744 510.109380 19480.000000
3764.779773 510.114188 19520.000000
3764.935810 510.119023 19560.000000
3765.091842 510.123885 19600.000000
3765.247853 510.128776 19640.000000
3765.403826 510.133697 19680.000000
3765.559746 510.138648 19720.000000
3765.715592 510.143631 19760.000000
3765.871348 510.148643 19800.000000
3766.026993 510.153689 19840.000000
3766.182508 510.158765 19880.000000
3766.337872 510.163872 19920.000000
3766.493065 510.169010 19960.000000
3766.648066 510.174178 20000.000000
3766.802854 510.179375 20040.000000
3766.957408 510.184600 20080.000000
3767.111707 510.189852 20120.000000
3767.265730 510.195130 20160.000000
3767.419456 510.200433 20200.000000
3767.572865 510.205759 20240.000000
3767.725936 510.211107 20280.000000
3767.878651 510.216474 20320.000000
3768.030990 510.221860 20360.000000
3768.182933 510.227263 20400.000000
3768.334464 510.232680 20440.000000
3768.485564 510.238110 20480.000000
3768.636217 510.243550 20520.000000
3768.786406 510.249000 20560.000000
3768.936117 510.254457 20600.000000
3769.085334 510.259918 20640.000000
3769.234043 510.265383 20680.000000
3769.382233 510.270849 20720.000000
3769.529889 510.276313 20760.000000
3769.677002 510.281775 20800.000000
3769.823560 510.287233 20840.000000
3769.969553 510.292684 20880.000000
3770.114974 510.298127 20920.000000
3770.259812 510.303559 20960.000000
3770.404062 510.308980 21000.000000
3770.547716 510.314388 21040.000000
3770.690770 510.319781 21080.000000
3770.833216 510.325158 21120.000000
3770.975052 510.330517 21160.000000
3771.116274 510.335857 21200.000000
3771.256878 510.341176 21240.000000
3771.396863 510.346474 21280.000000
3771.536226 510.351750 21320.000000
3771.674967 510.357001 21360.000000
3771.813085 510.362227 21400.000000
3771.950579 510.367428 21440.000000
3772.087451 510.372602 21480.000000
3772.223701 510.377749 21520.000000
3772.359330 510.382867 21560.000000
3772.494342 510.387957 21600.000000
3772.628737 510.393017 21640.000000
3772.762518 510.398046 21680.000000
3772.895690 510.403045 21720.000000
3773.028254 510.408014 21760.000000
3773.160214 510.412950 21800.000000
3773.291575 510.417855 21840.000000
3773.422341 510.422727 21880.000000
3773.552516 510.427566 21920.000000
3773.682105 510.432372 21960.000000
3773.811113 510.437145 22000.000000
3773.939546 510.441885 22040.000000
3774.067409 510.446592 22080.000000
3774.194707 510.451264 22120.000000
3774.321446 510.455903 22160.000000
3774.447633 510.460508 22200.000000
3774.573273 510.465079 22240.000000
3774.698374 510.469616 22280.000000
3774.822941 510.474119 22320.000000
3774.946981 510.478587 22360.000000
3775.070502 510.483022 22400.000000
3775.193509 510.487422 22440.000000
3775.316012 510.491789 22480.000000
3775.438016 510.496121 22520.000000
3775.559530 510.500420 22560.000000
3775.680561 510.504685 22600.000000
3775.801116 510.508916 22640.000000
3775.921205 510.513113 22680.000000
3776.040833 510.517278 22720.000000
3776.160011 510.521409 22760.000000
3776.278746 510.525508 22800.000000
3776.397046 510.529574 22840.000000
3776.514921 510.533607 22880.000000
3776.632377 510.537608 22920.000000
3776.749426 510.541577 22960.000000
3776.866073 510.545515 23000.000000
3776.982330 510.549422 23040.000000
3777.098204 510.553297 23080.000000
3777.213705 510.557143 23120.000000
3777.328841 510.560958 23160.000000
3777.443621 510.564744 23200.000000
3777.558055 510.568501 23240.000000
3777.672151 510.572229 23280.000000
3777.785919 510.575929 23320.000000
3777.899366 510.579602 23360.000000
3778.012504 510.583248 23400.000000
3778.125339 510.586868 23440.000000
3778.237881 510.590462 23480.000000
3778.350139 510.594031 23520.000000
3778.462122 510.597576 23560.000000
3778.573837 510.601097 23600.000000
3778.685293 510.604596 23640.000000
3778.796499 510.608072 23680.000000
3778.907462 510.611527 23720.000000
3779.018191 510.614962 23760.000000
3779.128693 510.618377 23800.000000
3779.238977 510.621773 23840.000000
3779.349048 510.625150 23880.000000
3779.458916 510.628511 23920.000000
3779.568585 510.631856 23960.000000
3779.678063 510.635185 24000.000000
3779.787357 510.638499 24040.000000
3779.896471 510.641800 24080.000000
3780.005413 510.645088 24120.000000
3780.114187 510.648364 24160.000000
3780.222799 510.651628 24200.000000
3780.331254 510.654883 24240.000000
3780.439556 510.658129 24280.000000
3780.547708 510.661366 24320.000000
3780.655716 510.664596 24360.000000
3780.763583 510.667819 24400.000000
3780.871312 510.671036 24440.000000
3780.978905 510.674248 24480.000000
3781.086365 510.677456 24520.000000
3781.193695 510.680660 24560.000000
3781.300895 510.683862 24600.000000
3781.407968 510.687063 24640.000000
3781.514913 510.690262 24680.000000
3781.621732 510.693460 24720.000000
3781.728426 510.696659 24760.000000
3781.834993 510.699859 24800.000000
3781.941433 510.703061 24840.000000
3782.047746 510.706265 24880.000000
3782.153930 510.709472 24920.000000
3782.259983 510.712682 24960.000000
3782.365905 510.715896 25000.000000
3782.471692 510.719114 25040.000000
3782.577342 510.722337 25080.000000
3782.682853 510.725565 25120.000000
3782.788220 510.728799 25160.000000
3782.893440 510.732039 25200.000000
3782.998509 510.735285 25240.000000
3783.103424 510.738538 25280.000000
3783.208180 510.741797 25320.000000
3783.312771 510.745064 25360.000000
3783.417193 510.748337 25400.000000
3783.521441 510.751618 25440.000000
3783.625508 510.754906 25480.000000
3783.729390 510.758201 25520.000000
3783.833081 510.761504 25560.000000
3783.936573 510.764814 25600.000000
3784.039860 510.768131 25640.000000
3784.142937 510.771455 25680.000000
3784.245795 510.774786 25720.000000
3784.348428 510.778124 25760.000000
3784.450830 510.781468 25800.000000
3784.552992 510.784818 25840.000000
3784.654906 510.788174 25880.000000
3784.756566 510.791534 25920.000000
3784.857965 510.794900 25960.000000
3784.959095 510.798271 26000.000000
3785.059948 510.801645 26040.000000
3785.160517 510.805024 26080.000000
3785.260792 510.808404 26120.000000
3785.360768 510.811787 26160.000000
3785.460435 510.815172 26200.000000
3785.559787 510.818558 26240.000000
3785.658816 510.821943 26280.000000
3785.757513 510.825329 26320.000000
3785.855873 510.828712 26360.000000
3785.953887 510.832094 26400.000000
3786.051548 510.835473 26440.000000
3786.148849 510.838848 26480.000000
3786.245783 510.842218 26520.000000
3786.342344 510.845582 26560.000000
3786.438525 510.848940 26600.000000
3786.534320 510.852291 26640.000000
3786.629722 510.855633 26680.000000
3786.724726 510.858966 26720.000000
3786.819325 510.862287 26760.000000
3786.913516 510.865597 26800.000000
3787.007292 510.868894 26840.000000
3787.100650 510.872179 26880.000000
3787.193585 510.875450 26920.000000
3787.286093 510.878704 26960.000000
3787.378169 510.881942 27000.000000
3787.469809 510.885161 27040.000000
3787.561014 510.888361 27080.000000
3787.651779 510.891543 27120.000000
3787.742101 510.894703 27160.000000
3787.831979 510.897841 27200.000000
3787.921411 510.900957 27240.000000
3788.010397 510.904049 27280.000000
3788.098936 510.907116 27320.000000
3788.187028 510.910159 27360.000000
3788.274671 510.913175 27400.000000
3788.361867 510.916165 27440.000000
3788.448616 510.919126 27480.000000
3788.534919 510.922059 27520.000000
3788.620777 510.924961 27560.000000
3788.706192 510.927834 27600.000000
3788.791167 510.930675 27640.000000
3788.875704 510.933485 27680.000000
3788.959805 510.936262 27720.000000
3789.043475 510.939006 27760.000000
3789.126716 510.941718 27800.000000
3789.209532 510.944394 27840.000000
3789.291928 510.947036 27880.000000
3789.373908 510.949643 27920.000000
3789.455477 510.952214 27960.000000
3789.536639 510.954750 28000.000000
3789.617400 510.957249 28040.000000
3789.697765 510.959712 28080.000000
3789.777741 510.962137 28120.000000
3789.857333 510.964526 28160.000000
3789.936547 510.966877 28200.000000
3790.015390 510.969191 28240.000000
3790.093868 510.971467 28280.000000
3790.171989 510.973704 28320.000000
3790.249759 510.975904 28360.000000
3790.327186 510.978066 28400.000000
3790.404277 510.980189 28440.000000
3790.481040 510.982274 28480.000000
3790.557483 510.984322 28520.000000
3790.633612 510.986331 28560.000000
3790.709438 510.988302 28600.000000
3790.784967 510.990235 28640.000000
3790.860207 510.992131 28680.000000
3790.935169 510.993989 28720.000000
3791.009859 510.995810 28760.000000
3791.084286 510.997593 28800.000000
3791.158459 510.999338 28840.000000
3791.232388 511.001048 28880.000000
3791.306082 511.002721 28920.000000
3791.379548 511.004357 28960.000000
3791.452796 511.005958 29000.000000
3791.525837 511.007523 29040.000000
3791.598678 511.009053 29080.000000
3791.671329 511.010548 29120.000000
3791.743800 511.012009 29160.000000
3791.816099 511.013435 29200.000000
3791.888238 511.014828 29240.000000
3791.960225 511.016187 29280.000000
3792.032069 511.017514 29320.000000
3792.103782 511.018809 29360.000000
3792.175372 511.020072 29400.000000
3792.246849 511.021304 29440.000000
3792.318224 511.022505 29480.000000
3792.389505 511.023677 29520.000000
3792.460703 511.024819 29560.000000
3792.531828 511.025932 29600.000000
3792.602891 511.027016 29640.000000
3792.673900 511.028073 29680.000000
3792.744866 511.029104 29720.000000
3792.815799 511.030108 29760.000000
3792.886709 511.031087 29800.000000
3792.957606 511.032041 29840.000000
3793.028501 511.032971 29880.000000
3793.099403 511.033877 29920.000000
3793.170322 511.034761 29960.000000
3793.241268 511.035624 30000.000000
3793.312253 511.036466 30040.000000
3793.383284 511.037288 30080.000000
3793.454373 511.038091 30120.000000
3793.525529 511.038876 30160.000000
3793.596762 511.039644 30200.000000
3793.668082 511.040395 30240.000000
3793.739498 511.041132 30280.000000
3793.811021 511.041854 30320.000000
3793.882659 511.042563 30360.000000
3793.954423 511.043260 30400.000000
3794.026321 511.043945 30440.000000
3794.098363 511.044621 30480.000000
3794.170557 511.045289 30520.000000
3794.242914 511.045948 30560.000000
3794.315440 511.046601 30600.000000
3794.388146 511.047249 30640.000000
3794.461040 511.047892 30680.000000
3794.534128 511.048534 30720.000000
3794.607420 511.049172 30760.000000
3794.680924 511.049810 30800.000000
3794.754647 511.050450 30840.000000
3794.828597 511.051091 30880.000000
3794.902780 511.051736 30920.000000
3794.977203 511.052386 30960.000000
3795.051873 511.053042 31000.000000
3795.126797 511.053705 31040.000000
3795.201979 511.054378 31080.000000
3795.277425 511.055060 31120.000000
3795.353142 511.055755 31160.000000
3795.429132 511.056462 31200.000000
3795.505402 511.057183 31240.000000
3795.581954 511.057921 31280.000000
3795.658793 511.058675 31320.000000
3795.735922 511.059449 31360.000000
3795.813343 511.060242 31400.000000
3795.891059 511.061056 31440.000000
3795.969072 511.061893 31480.000000
3796.047383 511.062754 31520.000000
3796.125992 511.063641 31560.000000
3796.204902 511.064554 31600.000000
3796.284110 511.065495 31640.000000
3796.363617 511.066467 31680.000000
3796.443422 511.067468 31720.000000
3796.523522 511.068503 31760.000000
3796.603914 511.069569 31800.000000
3796.684596 511.070670 31840.000000
3796.765565 511.071807 31880.000000
3796.846815 511.072980 31920.000000
3796.928342 511.074190 31960.000000
3797.010141 511.075440 32000.000000
3797.092206 511.076729 32040.000000
3797.174530 511.078058 32080.000000
3797.257105 511.079429 32120.000000
3797.339923 511.080843 32160.000000
3797.422976 511.082299 32200.000000
3797.506254 511.083799 32240.000000
3797.589747 511.085342 32280.000000
3797.673445 511.086931 32320.000000
3797.757336 511.088565 32360.000000
3797.841408 511.090245 32400.000000
3797.925650 511.091970 32440.000000
3798.010046 511.093742 32480.000000
3798.094584 511.095559 32520.000000
3798.179250 511.097422 32560.000000
3798.264028 511.099330 32600.000000
3798.348904 511.101285 32640.000000
3798.433862 511.103284 32680.000000
3798.518886 511.105327 32720.000000
3798.603958 511.107414 32760.000000
3798.689064 511.109544 32800.000000
3798.774185 511.111716 32840.000000
3798.859305 511.113930 32880.000000
3798.944406 511.116183 32920.000000
3799.029471 511.118474 32960.000000
3799.114484 511.120802 33000.000000
3799.199425 511.123167 33040.000000
3799.284280 511.125564 33080.000000
3799.369030 511.127994 33120.000000
3799.453659 511.130454 33160.000000
3799.538153 511.132942 33200.000000
3799.622493 511.135456 33240.000000
3799.706667 511.137996 33280.000000
3799.790659 511.140556 33320.000000
3799.874455 511.143136 33360.000000
3799.958041 511.145733 33400.000000
3800.041407 511.148344 33440.000000
3800.124539 511.150968 33480.000000
3800.207429 511.153602 33520.000000
3800.290065 511.156244 33560.000000
3800.372439 511.158891 33600.000000
3800.454544 511.161540 33640.000000
3800.536371 511.164190 33680.000000
3800.617916 511.166838 33720.000000
3800.699175 511.169482 33760.000000
3800.780142 511.172119 33800.000000
3800.860815 511.174748 33840.000000
3800.941194 511.177366 33880.000000
3801.021276 511.179972 33920.000000
3801.101064 511.182563 33960.000000
3801.180557 511.185139 34000.000000
3801.259759 511.187696 34040.000000
3801.338672 511.190234 34080.000000
3801.417301 511.192752 34120.000000
3801.495651 511.195249 34160.000000
3801.573727 511.197722 34200.000000
3801.651537 511.200171 34240.000000
3801.729086 511.202596 34280.000000
3801.806384 511.204996 34320.000000
3801.883438 511.207369 34360.000000
3801.960256 511.209717 34400.000000
3802.036849 511.212037 34440.000000
3802.113226 511.214331 34480.000000
3802.189398 511.216599 34520.000000
3802.265373 511.218840 34560.000000
3802.341164 511.221054 34600.000000
3802.416779 511.223243 34640.000000
3802.492231 511.225405 34680.000000
3802.567529 511.227543 34720.000000
3802.642685 511.229657 34760.000000
3802.717708 511.231747 34800.000000
3802.792609 511.233814 34840.000000
3802.867399 511.235860 34880.000000
3802.942086 511.237885 34920.000000
3803.016681 511.239889 34960.000000
3803.091193 511.241875 35000.000000
3803.165632 511.243844 35040.000000
3803.240004 511.245796 35080.000000
3803.314319 511.247733 35120.000000
3803.388584 511.249655 35160.000000
3803.462807 511.251565 35200.000000
3803.536994 511.253463 35240.000000
3803.611151 511.255351 35280.000000
3803.685285 511.257229 35320.000000
3803.759399 511.259100 35360.000000
3803.833499 511.260965 35400.000000
3803.907588 511.262824 35440.000000
3803.981670 511.264678 35480.000000
3804.055749 511.266530 35520.000000
3804.129825 511.268379 35560.000000
3804.203901 511.270228 35600.000000
3804.277979 511.272077 35640.000000
3804.352058 511.273928 35680.000000
3804.426140 511.275781 35720.000000
3804.500223 511.277636 35760.000000
3804.574307 511.279496 35800.000000
3804.648391 511.281361 35840.000000
3804.722472 511.283231 35880.000000
3804.796549 511.285108 35920.000000
3804.870619 511.286992 35960.000000
3804.944679 511.288883 36000.000000
3805.018726 511.290783 36040.000000
3805.092756 511.292692 36080.000000
3805.166764 511.294610 36120.000000
3805.240747 511.296538 36160.000000
3805.314699 511.298476 36200.000000
3805.388616 511.300424 36240.000000
3805.462492 511.302383 36280.000000
3805.536321 511.304352 36320.000000
3805.610099 511.306333 36360.000000
3805.683819 511.308325 36400.000000
3805.757475 511.310328 36440.000000
3805.831062 511.312343 36480.000000
3805.904572 511.314369 36520.000000
3805.977999 511.316406 36560.000000
3806.051337 511.318455 36600.000000
3806.124579 511.320515 36640.000000
3806.197718 511.322586 36680.000000
3806.270749 511.324669 36720.000000
3806.343663 511.326762 36760.000000
3806.416455 511.328866 36800.000000
3806.489117 511.330980 36840.000000
3806.561643 511.333104 36880.000000
3806.634026 511.335238 36920.000000
3806.706259 511.337382 36960.000000
3806.778337 511.339535 37000.000000
3806.850252 511.341697 37040.000000
3806.921998 511.343868 37080.000000
3806.993568 511.346048 37120.000000
3807.064956 511.348235 37160.000000
3807.136156 511.350430 37200.000000
3807.207161 511.352633 37240.000000
3807.277967 511.354842 37280.000000
3807.348566 511.357058 37320.000000
3807.418952 511.359280 37360.000000
3807.489121 511.361509 37400.000000
3807.559067 511.363742 37440.000000
3807.628783 511.365980 37480.000000
3807.698266 511.368223 37520.000000
3807.767509 511.370471 37560.000000
3807.836507 511.372722 37600.000000
3807.905257 511.374976 37640.000000
3807.973752 511.377233 37680.000000
3808.041989 511.379493 37720.000000
3808.109962 511.381755 37760.000000
3808.177669 511.384019 37800.000000
3808.245104 511.386284 37840.000000
3808.312264 511.388550 37880.000000
3808.379144 511.390816 37920.000000
3808.445743 511.393082 37960.000000
3808.512055 511.395348 38000.000000
3808.578078 511.397613 38040.000000
3808.643810 511.399877 38080.000000
3808.709246 511.402139 38120.000000
3808.774386 511.404399 38160.000000
3808.839226 511.406657 38200.000000
3808.903763 511.408912 38240.000000
3808.967997 511.411164 38280.000000
3809.031925 511.413412 38320.000000
3809.095544 511.415655 38360.000000
3809.158856 511.417895 38400.000000
3809.221858 511.420130 38440.000000
3809.284548 511.422361 38480.000000
3809.346927 511.424586 38520.000000
3809.408993 511.426806 38560.000000
3809.470746 511.429020 38600.000000
3809.532186 511.431227 38640.000000
3809.593312 511.433428 38680.000000
3809.654125 511.435623 38720.000000
3809.714625 511.437810 38760.000000
3809.774813 511.439990 38800.000000
3809.834689 511.442163 38840.000000
3809.894254 511.444328 38880.000000
3809.953509 511.446485 38920.000000
3810.012456 511.448634 38960.000000
3810.071095 511.450775 39000.000000
3810.129427 511.452908 39040.000000
3810.187456 511.455033 39080.000000
3810.245182 511.457149 39120.000000
3810.302606 511.459257 39160.000000
3810.359732 511.461356 39200.000000
3810.416561 511.463446 39240.000000
3810.473094 511.465528 39280.000000
3810.529335 511.467602 39320.000000
3810.585286 511.469666 39360.000000
3810.640948 511.471722 39400.000000
3810.696325 511.473770 39440.000000
3810.751418 511.475809 39480.000000
3810.806231 511.477840 39520.000000
3810.860765 511.479863 39560.000000
3810.915024 511.481878 39600.000000
3810.969009 511.483884 39640.000000
3811.022722 511.485883 39680.000000
3811.076168 511.487875 39720.000000
3811.129347 511.489859 39760.000000
3811.182262 511.491835 39800.000000
3811.234916 511.493805 39840.000000
3811.287311 511.495768 39880.000000
3811.339449 511.497724 39920.000000
3811.391333 511.499673 39960.000000
3811.442963 511.501617 40000.000000
3811.494344 511.503554 40040.000000
3811.545475 511.505486 40080.000000
3811.596360 511.507412 40120.000000
3811.647000 511.509332 40160.000000
3811.697396 511.511248 40200.000000
3811.747551 511.513158 40240.000000
3811.797466 511.515064 40280.000000
3811.847141 511.516966 40320.000000
3811.896579 511.518863 40360.000000
3811.945780 511.520756 40400.000000
3811.994746 511.522645 40440.000000
3812.043477 511.524531 40480.000000
3812.091974 511.526413 40520.000000
3812.140238 511.528292 40560.000000
3812.188270 511.530168 40600.000000
3812.236069 511.532041 40640.000000
3812.283636 511.533911 40680.000000
3812.330972 511.535778 40720.000000
3812.378076 511.537643 40760.000000
3812.424949 511.539505 40800.000000
3812.471592 511.541364 40840.000000
3812.518002 511.543221 40880.000000
3812.564182 511.545076 40920.000000
3812.610130 511.546929 40960.000000
3812.655845 511.548779 41000.000000
3812.701329 511.550626 41040.000000
3812.746579 511.552471 41080.000000
3812.791598 511.554315 41120.000000
3812.836382 511.556155 41160.000000
3812.880933 511.557993 41200.000000
3812.925250 511.559829 41240.000000
3812.969331 511.561662 41280.000000
3813.013176 511.563492 41320.000000
3813.056787 511.565320 41360.000000
3813.100160 511.567145 41400.000000
3813.143297 511.568966 41440.000000
3813.186195 511.570785 41480.000000
3813.228855 511.572600 41520.000000
3813.271277 511.574411 41560.000000
3813.313460 511.576219 41600.000000
3813.355404 511.578023 41640.000000
3813.397108 511.579823 41680.000000
3813.438572 511.581618 41720.000000
3813.479796 511.583409 41760.000000
3813.520781 511.585195 41800.000000
3813.561526 511.586977 41840.000000
3813.602030 511.588753 41880.000000
3813.642295 511.590524 41920.000000
3813.682320 511.592290 41960.000000
3813.722105 511.594049 42000.000000
3813.761652 511.595803 42040.000000
3813.800960 511.597551 42080.000000
3813.840030 511.599292 42120.000000
3813.878862 511.601027 42160.000000
3813.917458 511.602755 42200.000000
3813.955818 511.604476 42240.000000
3813.993943 511.606190 42280.000000
3814.031834 511.607896 42320.000000
3814.069492 511.609595 42360.000000
3814.106918 511.611287 42400.000000
3814.144114 511.612970 42440.000000
3814.181081 511.614645 42480.000000
3814.217820 511.616312 42520.000000
3814.254333 511.617971 42560.000000
3814.290622 511.619621 42600.000000
3814.326688 511.621263 42640.000000
3814.362533 511.622896 42680.000000
3814.398159 511.624520 42720.000000
3814.433567 511.626136 42760.000000
3814.468759 511.627742 42800.000000
3814.503739 511.629339 42840.000000
3814.538506 511.630927 42880.000000
3814.573065 511.632506 42920.000000
3814.607417 511.634075 42960.000000
3814.641563 511.635636 43000.000000
3814.675507 511.637186 43040.000000
3814.709251 511.638728 43080.000000
3814.742797 511.640259 43120.000000
3814.776147 511.641782 43160.000000
3814.809304 511.643294 43200.000000
3814.842270 511.644798 43240.000000
3814.875048 511.646291 43280.000000
3814.907640 511.647776 43320.000000
3814.940049 511.649250 43360.000000
3814.972277 511.650716 43400.000000
3815.004327 511.652171 43440.000000
3815.036201 511.653618 43480.000000
3815.067901 511.655055 43520.000000
3815.099431 511.656483 43560.000000
3815.130793 511.657902 43600.000000
3815.161989 511.659312 43640.000000
3815.193022 511.660712 43680.000000
3815.223893 511.662104 43720.000000
3815.254606 511.663486 43760.000000
3815.285163 511.664860 43800.000000
3815.315566 511.666224 43840.000000
3815.345817 511.667579 43880.000000
3815.375920 511.668926 43920.000000
3815.405877 511.670265 43960.000000
3815.435689 511.671594 44000.000000
3815.465360 511.672915 44040.000000
3815.494890 511.674228 44080.000000
3815.524284 511.675532 44120.000000
3815.553543 511.676828 44160.000000
3815.582668 511.678116 44200.000000
3815.611662 511.679395 44240.000000
3815.640529 511.680666 44280.000000
3815.669268 511.681929 44320.000000
3815.697884 511.683184 44360.000000
3815.726376 511.684431 44400.000000
3815.754749 511.685671 44440.000000
3815.783003 511.686901 44480.000000
3815.811140 511.688124 44520.000000
3815.839165 511.689340 44560.000000
3815.867077 511.690548 44600.000000
3815.894878 511.691749 44640.000000
3815.922571 511.692942 44680.000000
3815.950157 511.694127 44720.000000
3815.977637 511.695305 44760.000000
3816.005015 511.696475 44800.000000
3816.032291 511.697638 44840.000000
3816.059468 511.698794 44880.000000
3816.086547 511.699942 44920.000000
3816.113530 511.701082 44960.000000
3816.140418 511.702215 45000.000000
3816.167214 511.703341 45040.000000
3816.193920 511.704459 45080.000000
3816.220536 511.705570 45120.000000
3816.247065 511.706673 45160.000000
3816.273509 511.707770 45200.000000
3816.299868 511.708859 45240.000000
3816.326145 511.709942 45280.000000
3816.352340 511.711016 45320.000000
3816.378457 511.712084 45360.000000
3816.404496 511.713144 45400.000000
3816.430459 511.714197 45440.000000
3816.456348 511.715243 45480.000000
3816.482164 511.716282 45520.000000
3816.507909 511.717313 45560.000000
3816.533583 511.718337 45600.000000
3816.559191 511.719354 45640.000000
3816.584731 511.720363 45680.000000
3816.610207 511.721366 45720.000000
3816.635620 511.722361 45760.000000
3816.660971 511.723348 45800.000000
3816.686262 511.724329 45840.000000
3816.711495 511.725302 45880.000000
3816.736671 511.726268 45920.000000
3816.761791 511.727226 45960.000000
3816.786859 511.728177 46000.000000
3816.811874 511.729121 46040.000000
3816.836838 511.730057 46080.000000
3816.861754 511.730986 46120.000000
3816.886623 511.731908 46160.000000
3816.911446 511.732822 46200.000000
3816.936226 511.733729 46240.000000
3816.960963 511.734629 46280.000000
3816.985659 511.735522 46320.000000
3817.010316 511.736406 46360.000000
3817.034936 511.737283 46400.000000
3817.059520 511.738154 46440.000000
3817.084070 511.739016 46480.000000
3817.108588 511.739872 46520.000000
3817.133074 511.740720 46560.000000
3817.157531 511.741560 46600.000000
3817.181961 511.742393 46640.000000
3817.206364 511.743219 46680.000000
3817.230744 511.744038 46720.000000
3817.255100 511.744848 46760.000000
3817.279436 511.745652 46800.000000
3817.303752 511.746448 46840.000000
3817.328051 511.747237 46880.000000
3817.352334 511.748019 46920.000000
3817.376602 511.748793 46960.000000
3817.400858 511.749560 47000.000000
3817.425103 511.750320 47040.000000
3817.449339 511.751072 47080.000000
3817.473566 511.751817 47120.000000
3817.497788 511.752555 47160.000000
3817.522006 511.753286 47200.000000
3817.546220 511.754009 47240.000000
3817.570434 511.754726 47280.000000
3817.594649 511.755435 47320.000000
3817.618866 511.756137 47360.000000
3817.643087 511.756833 47400.000000
3817.667313 511.757520 47440.000000
3817.691547 511.758201 47480.000000
3817.715790 511.758875 47520.000000
3817.740044 511.759542 47560.000000
3817.764310 511.760203 47600.000000
3817.788590 511.760856 47640.000000
3817.812886 511.761503 47680.000000
3817.837199 511.762143 47720.000000
3817.861531 511.762776 47760.000000
3817.885883 511.763402 47800.000000
3817.910258 511.764022 47840.000000
3817.934656 511.764636 47880.000000
3817.959080 511.765242 47920.000000
3817.983530 511.765843 47960.000000
3818.008010 511.766437 48000.000000
3818.032519 511.767025 48040.000000
3818.057061 511.767606 48080.000000
3818.081635 511.768181 48120.000000
3818.106245 511.768750 48160.000000
3818.130892 511.769313 48200.000000
3818.155576 511.769870 48240.000000
3818.180301 511.770421 48280.000000
3818.205066 511.770967 48320.000000
3818.229875 511.771506 48360.000000
3818.254727 511.772040 48400.000000
3818.279626 511.772568 48440.000000
3818.304571 511.773091 48480.000000
3818.329566 511.773608 48520.000000
3818.354611 511.774120 48560.000000
3818.379708 511.774626 48600.000000
3818.404858 511.775128 48640.000000
3818.430062 511.775624 48680.000000
3818.455322 511.776115 48720.000000
3818.480641 511.776602 48760.000000
3818.506019 511.777083 48800.000000
3818.531457 511.777560 48840.000000
3818.556957 511.778033 48880.000000
3818.582520 511.778501 48920.000000
3818.608147 511.778965 48960.000000
3818.633840 511.779424 49000.000000
3818.659600 511.779880 49040.000000
3818.685428 511.780331 49080.000000
3818.711326 511.780778 49120.000000
3818.737295 511.781222 49160.000000
3818.763336 511.781662 49200.000000
3818.789450 511.782098 49240.000000
3818.815639 511.782531 49280.000000
3818.841904 511.782960 49320.000000
3818.868245 511.783387 49360.000000
3818.894665 511.783810 49400.000000
3818.921164 511.784231 49440.000000
3818.947743 511.784648 49480.000000
3818.974404 511.785063 49520.000000
3819.001147 511.785476 49560.000000
3819.027974 511.785886 49600.000000
3819.054885 511.786294 49640.000000
3819.081881 511.786701 49680.000000
3819.108964 511.787105 49720.000000
3819.136134 511.787507 49760.000000
3819.163391 511.787908 49800.000000
3819.190738 511.788307 49840.000000
3819.218174 511.788706 49880.000000
3819.245701 511.789103 49920.000000
3819.273319 511.789499 49960.000000
3819.301029 511.789895 50000.000000
3819.328831 511.790290 50040.000000
3819.356726 511.790684 50080.000000
3819.384715 511.791078 50120.000000
3819.412797 511.791472 50160.000000
3819.440975 511.791866 50200.000000
3819.469247 511.792261 50240.000000
3819.497615 511.792656 50280.000000
3819.526079 511.793051 50320.000000
3819.554638 511.793447 50360.000000
3819.583294 511.793844 50400.000000
3819.612046 511.794243 50440.000000
3819.640894 511.794642 50480.000000
3819.669840 511.795043 50520.000000
3819.698882 511.795446 50560.000000
3819.728020 511.795850 50600.000000
3819.757255 511.796256 50640.000000
3819.786587 511.796666 50680.000000
3819.816015 511.797077 50720.000000
3819.845538 511.797491 50760.000000
3819.875156 511.797908 50800.000000
3819.904870 511.798327 50840.000000
3819.934677 511.798750 50880.000000
3819.964578 511.799176 50920.000000
3819.994573 511.799605 50960.000000
3820.024660 511.800039 51000.000000
3820.054839 511.800476 51040.000000
3820.085108 511.800917 51080.000000
3820.115466 511.801362 51120.000000
3820.145913 511.801811 51160.000000
3820.176448 511.802265 51200.000000
3820.207068 511.802724 51240.000000
3820.237774 511.803187 51280.000000
3820.268563 511.803654 51320.000000
3820.299435 511.804127 51360.000000
3820.330387 511.804605 51400.000000
3820.361418 511.805088 51440.000000
3820.392527 511.805576 51480.000000
3820.423712 511.806070 51520.000000
3820.454971 511.806569 51560.000000
3820.486302 511.807074 51600.000000
3820.517703 511.807584 51640.000000
3820.549172 511.808101 51680.000000
3820.580708 511.808622 51720.000000
3820.612307 511.809150 51760.000000
3820.643968 511.809683 51800.000000
3820.675689 511.810222 51840.000000
3820.707467 511.810768 51880.000000
3820.739301 511.811319 51920.000000
3820.771187 511.811875 51960.000000
3820.803123 511.812438 52000.000000
3820.835106 511.813006 52040.000000
3820.867135 511.813580 52080.000000
3820.899207 511.814160 52120.000000
3820.931319 511.814745 52160.000000
3820.963469 511.815336 52200.000000
3820.995654 511.815932 52240.000000
3821.027872 511.816533 52280.000000
3821.060120 511.817140 52320.000000
3821.092395 511.817751 52360.000000
3821.124695 511.818368 52400.000000
3821.157018 511.818988 52440.000000
3821.189361 511.819613 52480.000000
3821.221722 511.820243 52520.000000
3821.254098 511.820878 52560.000000
3821.286487 511.821516 52600.000000
3821.318887 511.822157 52640.000000
3821.351295 511.822802 52680.000000
3821.383709 511.823450 52720.000000
3821.416128 511.824102 52760.000000
3821.448548 511.824755 52800.000000
3821.480969 511.825412 52840.000000
3821.513389 511.826070 52880.000000
3821.545806 511.826731 52920.000000
3821.578218 511.827393 52960.000000
3821.610623 511.828056 53000.000000
3821.643022 511.828720 53040.000000
3821.675412 511.829385 53080.000000
3821.707793 511.830050 53120.000000
3821.740162 511.830716 53160.000000
3821.772521 511.831381 53200.000000
3821.804867 511.832046 53240.000000
3821.837200 511.832710 53280.000000
3821.869521 511.833373 53320.000000
3821.901828 511.834034 53360.000000
3821.934123 511.834694 53400.000000
3821.966404 511.835351 53440.000000
3821.998673 511.836007 53480.000000
3822.030929 511.836659 53520.000000
3822.063175 511.837309 53560.000000
3822.095409 511.837956 53600.000000
3822.127634 511.838600 53640.000000
3822.159850 511.839240 53680.000000
3822.192059 511.839876 53720.000000
3822.224262 511.840508 53760.000000
3822.256461 511.841136 53800.000000
3822.288657 511.841759 53840.000000
3822.320853 511.842378 53880.000000
3822.353050 511.842992 53920.000000
3822.385251 511.843602 53960.000000
3822.417458 511.844206 54000.000000
3822.449673 511.844806 54040.000000
3822.481900 511.845400 54080.000000
3822.514140 511.845989 54120.000000
3822.546397 511.846573 54160.000000
3822.578673 511.847151 54200.000000
3822.610972 511.847724 54240.000000
3822.643297 511.848291 54280.000000
3822.675650 511.848854 54320.000000
3822.708036 511.849410 54360.000000
3822.740457 511.849962 54400.000000
3822.772917 511.850509 54440.000000
3822.805420 511.851050 54480.000000
3822.837968 511.851586 54520.000000
3822.870567 511.852117 54560.000000
3822.903218 511.852644 54600.000000
3822.935927 511.853167 54640.000000
3822.968695 511.853684 54680.000000
3823.001528 511.854198 54720.000000
3823.034429 511.854707 54760.000000
3823.067401 511.855213 54800.000000
3823.100448 511.855715 54840.000000
3823.133574 511.856214 54880.000000
3823.166781 511.856710 54920.000000
3823.200075 511.857203 54960.000000
3823.233458 511.857693 55000.000000
3823.266933 511.858182 55040.000000
3823.300504 511.858668 55080.000000
3823.334175 511.859153 55120.000000
3823.367948 511.859637 55160.000000
3823.401826 511.860119 55200.000000
3823.435813 511.860602 55240.000000
3823.469912 511.861084 55280.000000
3823.504125 511.861566 55320.000000
3823.538456 511.862049 55360.000000
3823.572906 511.862532 55400.000000
3823.607478 511.863017 55440.000000
3823.642174 511.863504 55480.000000
3823.676997 511.863992 55520.000000
3823.711950 511.864483 55560.000000
3823.747033 511.864978 55600.000000
3823.782248 511.865475 55640.000000
3823.817598 511.865976 55680.000000
3823.853083 511.866481 55720.000000
3823.888704 511.866991 55760.000000
3823.924463 511.867505 55800.000000
3823.960361 511.868025 55840.000000
3823.996399 511.868551 55880.000000
3824.032577 511.869083 55920.000000
3824.068895 511.869621 55960.000000
3824.105353 511.870166 56000.000000
3824.141952 511.870718 56040.000000
3824.178691 511.871278 56080.000000
3824.215570 511.871845 56120.000000
3824.252589 511.872421 56160.000000
3824.289746 511.873006 56200.000000
3824.327041 511.873600 56240.000000
3824.364471 511.874203 56280.000000
3824.402036 511.874817 56320.000000
3824.439734 511.875440 56360.000000
3824.477563 511.876073 56400.000000
3824.515522 511.876718 56440.000000
3824.553606 511.877373 56480.000000
3824.591815 511.878039 56520.000000
3824.630145 511.878717 56560.000000
3824.668593 511.879406 56600.000000
3824.707156 511.880108 56640.000000
3824.745831 511.880822 56680.000000
3824.784614 511.881548 56720.000000
3824.823501 511.882288 56760.000000
3824.862488 511.883039 56800.000000
3824.901571 511.883804 56840.000000
3824.940744 511.884582 56880.000000
3824.980005 511.885372 56920.000000
3825.019346 511.886175 56960.000000
3825.058765 511.886992 57000.000000
3825.098256 511.887823 57040.000000
3825.137813 511.888667 57080.000000
3825.177430 511.889523 57120.000000
3825.217101 511.890393 57160.000000
3825.256822 511.891276 57200.000000
3825.296586 511.892172 57240.000000
3825.336387 511.893081 57280.000000
3825.376218 511.894003 57320.000000
3825.416074 511.894937 57360.000000
3825.455948 511.895883 57400.000000
3825.495833 511.896841 57440.000000
3825.535724 511.897811 57480.000000
3825.575613 511.898793 57520.000000
3825.615494 511.899787 57560.000000
3825.655360 511.900790 57600.000000
3825.695205 511.901805 57640.000000
3825.735021 511.902830 57680.000000
3825.774802 511.903864 57720.000000
3825.814542 511.904908 57760.000000
3825.854234 511.905961 57800.000000
3825.893872 511.907022 57840.000000
3825.933448 511.908091 57880.000000
3825.972958 511.909168 57920.000000
3826.012394 511.910251 57960.000000
3826.051751 511.911340 58000.000000
3826.091022 511.912436 58040.000000
3826.130202 511.913536 58080.000000
3826.169285 511.914642 58120.000000
3826.208266 511.915751 58160.000000
3826.247139 511.916863 58200.000000
3826.285899 511.917979 58240.000000
3826.324542 511.919097 58280.000000
3826.363063 511.920216 58320.000000
3826.401456 511.921337 58360.000000
3826.439719 511.922458 58400.000000
3826.477847 511.923579 58440.000000
3826.515835 511.924699 58480.000000
3826.553681 511.925817 58520.000000
3826.591382 511.926934 58560.000000
3826.628935 511.928048 58600.000000
3826.666335 511.929160 58640.000000
3826.703582 511.930268 58680.000000
3826.740673 511.931372 58720.000000
3826.777606 511.932472 58760.000000
3826.814378 511.933566 58800.000000
3826.850988 511.934656 58840.000000
3826.887436 511.935739 58880.000000
3826.923719 511.936817 58920.000000
3826.959837 511.937888 58960.000000
3826.995789 511.938951 59000.000000
3827.031576 511.940008 59040.000000
3827.067196 511.941057 59080.000000
3827.102649 511.942098 59120.000000
3827.137936 511.943132 59160.000000
3827.173057 511.944156 59200.000000
3827.208013 511.945173 59240.000000
3827.242803 511.946181 59280.000000
3827.277429 511.947180 59320.000000
3827.311892 511.948170 59360.000000
3827.346192 511.949151 59400.000000
3827.380331 511.950124 59440.000000
3827.414310 511.951088 59480.000000
3827.448130 511.952042 59520.000000
3827.481791 511.952988 59560.000000
3827.515297 511.953924 59600.000000
3827.548647 511.954852 59640.000000
3827.581843 511.955771 59680.000000
3827.614887 511.956682 59720.000000
3827.647780 511.957584 59760.000000
3827.680523 511.958478 59800.000000
3827.713117 511.959364 59840.000000
3827.745565 511.960242 59880.000000
3827.777866 511.961112 59920.000000
3827.810024 511.961974 59960.000000
