291.576838 14.789044 0.000000
283.328382 25.781360 40.000000
263.377453 41.594009 80.000000
231.049836 60.119177 120.000000
190.614894 75.963729 160.000000
149.707628 83.591770 200.000000
114.427465 81.627225 240.000000
86.783121 72.928789 280.000000
65.980804 61.420123 320.000000
50.432588 49.882863 360.000000
38.732026 39.662153 400.000000
29.846639 31.159764 440.000000
23.049707 24.318689 480.000000
17.824578 18.911928 520.000000
13.795240 14.679538 560.000000
10.682112 11.383389 600.000000
8.274092 8.823236 640.000000
6.410165 6.837445 680.000000
4.966766 5.298188 720.000000
3.848710 4.105435 760.000000
2.982513 3.181264 800.000000
2.311359 2.465210 840.000000
1.791287 1.910378 880.000000
1.388263 1.480466 920.000000
1.075933 1.147330 960.000000
0.833881 0.889176 1000.000000
0.646288 0.689121 1040.000000
0.500901 0.534084 1080.000000
0.388221 0.413932 1120.000000
0.300891 0.320812 1160.000000
0.233206 0.248642 1200.000000
0.180747 0.192709 1240.000000
0.140089 0.149358 1280.000000
0.108577 0.115760 1320.000000
0.084153 0.089720 1360.000000
0.065223 0.069538 1400.000000
0.050552 0.053896 1440.000000
0.039181 0.041772 1480.000000
0.030367 0.032376 1520.000000
0.023536 0.025093 1560.000000
0.018242 0.019449 1600.000000
0.014139 0.015074 1640.000000
0.010958 0.011683 1680.000000
0.008493 0.009055 1720.000000
0.006583 0.007018 1760.000000
0.005102 0.005440 1800.000000
0.003954 0.004216 1840.000000
0.003065 0.003268 1880.000000
0.002375 0.002533 1920.000000
0.001841 0.001963 1960.000000
0.001427 0.001521 2000.000000
0.001106 0.001179 2040.000000
0.000857 0.000914 2080.000000
0.000664 0.000708 2120.000000
0.000515 0.000549 2160.000000
0.000399 0.000426 2200.000000
0.000309 0.000330 2240.000000
0.000240 0.000256 2280.000000
0.000186 0.000198 2320.000000
0.000144 0.000154 2360.000000
0.000112 0.000119 2400.000000
0.000087 0.000092 2440.000000
0.000067 0.000071 2480.000000
0.000052 0.000055 2520.000000
0.000040 0.000043 2560.000000
0.000031 0.000033 2600.000000
0.000024 0.000026 2640.000000
0.000019 0.000020 2680.000000
0.000015 0.000015 2720.000000
0.000011 0.000012 2760.000000
0.000009 0.000009 2800.000000
0.000007 0.000007 2840.000000
0.000005 0.000006 2880.000000
0.000004 0.000004 2920.000000
0.000003 0.000003 2960.000000
0.000002 0.000003 3000.000000
0.000002 0.000002 3040.000000
0.000001 0.000002 3080.000000
0.000001 0.000001 3120.000000
0.000001 0.000001 3160.000000
0.000001 0.000001 3200.000000
0.000001 0.000001 3240.000000
0.000000 0.000000 3280.000000
0.000000 0.000000 3320.000000
0.000000 0.000000 3360.000000
0.000000 0.000000 3400.000000
0.000000 0.000000 3440.000000
0.000000 0.000000 3480.000000
0.000000 0.000000 3520.000000
0.000000 0.000000 3560.000000
0.000000 0.000000 3600.000000
0.000000 0.000000 3640.000000
0.000000 0.000000 3680.000000
0.000000 0.000000 3720.000000
0.000000 0.000000 3760.000000
0.000000 0.000000 3800.000000
0.000000 0.000000 3840.000000
0.000000 0.000000 3880.000000
0.000000 0.000000 3920.000000
0.000000 0.000000 3960.000000
0.000000 0.000000 4000.000000
0.000000 0.000000 4040.000000
0.000000 0.000000 4080.000000
0.000000 0.000000 4120.000000
0.000000 0.000000 4160.000000
0.000000 0.000000 4200.000000
0.000000 0.000000 4240.000000
0.000000 0.000000 4280.000000
0.000000 0.000000 4320.000000
0.000000 0.000000 4360.000000
0.000000 0.000000 4400.000000
0.000000 0.000000 4440.000000
0.000000 0.000000 4480.000000
0.000000 0.000000 4520.000000
0.000000 0.000000 4560.000000
0.000000 0.000000 4600.000000
0.000000 0.000000 4640.000000
0.000000 0.000000 4680.000000
0.000000 0.000000 4720.000000
0.000000 0.000000 4760.000000
0.000000 0.000000 4800.000000
0.000000 0.000000 4840.000000
0.000000 0.000000 4880.000000
0.000000 0.000000 4920.000000
0.000000 0.000000 4960.000000
0.000000 0.000000 5000.000000
0.000000 0.000000 5040.000000
0.000000 0.000000 5080.000000
0.000000 0.000000 5120.000000
0.000000 0.000000 5160.000000
0.000000 0.000000 5200.000000
0.000000 0.000000 5240.000000
0.000000 0.000000 5280.000000
0.000000 0.000000 5320.000000
0.000000 0.000000 5360.000000
0.000000 0.000000 5400.000000
0.000000 0.000000 5440.000000
0.000000 0.000000 5480.000000
0.000000 0.000000 5520.000000
0.000000 0.000000 5560.000000
0.000000 0.000000 5600.000000
0.000000 0.000000 5640.000000
0.000000 0.000000 5680.000000
0.000000 0.000000 5720.000000
0.000000 0.000000 5760.000000
0.000000 0.000000 5800.000000
0.000000 0.000000 5840.000000
0.000000 0.000000 5880.000000
0.000000 0.000000 5920.000000
0.000000 0.000000 5960.000000
0.000000 0.000000 6000.000000
0.000000 0.000000 6040.000000
0.000000 0.000000 6080.000000
0.000000 0.000000 6120.000000
0.000000 0.000000 6160.000000
0.000000 0.000000 6200.000000
0.000000 0.000000 6240.000000
0.000000 0.000000 6280.000000
0.000000 0.000000 6320.000000
0.000000 0.000000 6360.000000
0.000000 0.000000 6400.000000
0.000000 0.000000 6440.000000
0.000000 0.000000 6480.000000
0.000000 0.000000 6520.000000
0.000000 0.000000 6560.000000
0.000000 0.000000 6600.000000
0.000000 0.000000 6640.000000
0.000000 0.000000 6680.000000
0.000000 0.000000 6720.000000
0.000000 0.000000 6760.000000
0.000000 0.000000 6800.000000
0.000000 0.000000 6840.000000
0.000000 0.000000 6880.000000
0.000000 0.000000 6920.000000
0.000000 0.000000 6960.000000
0.000000 0.000000 7000.000000
0.000000 0.000000 7040.000000
0.000000 0.000000 7080.000000
0.000000 0.000000 7120.000000
0.000000 0.000000 7160.000000
0.000000 0.000000 7200.000000
0.000000 0.000000 7240.000000
0.000000 0.000000 7280.000000
0.000000 0.000000 7320.000000
0.000000 0.000000 7360.000000
0.000000 0.000000 7400.000000
0.000000 0.000000 7440.000000
0.000000 0.000000 7480.000000
0.000000 0.000000 7520.000000
0.000000 0.000000 7560.000000
0.000000 0.000000 7600.000000
0.000000 0.000000 7640.000000
0.000000 0.000000 7680.000000
0.000000 0.000000 7720.000000
0.000000 0.000000 7760.000000
0.000000 0.000000 7800.000000
0.000000 0.000000 7840.000000
0.000000 0.000000 7880.000000
0.000000 0.000000 7920.000000
0.000000 0.000000 7960.000000
0.000000 0.000000 8000.000000
0.000000 0.000000 8040.000000
0.000000 0.000000 8080.000000
0.000000 0.000000 8120.000000
0.000000 0.000000 8160.000000
0.000000 0.000000 8200.000000
0.000000 0.000000 8240.000000
0.000000 0.000000 8280.000000
0.000000 0.000000 8320.000000
0.000000 0.000000 8360.000000
0.000000 0.000000 8400.000000
0.000000 0.000000 8440.000000
0.000000 0.000000 8480.000000
0.000000 0.000000 8520.000000
0.000000 0.000000 8560.000000
0.000000 0.000000 8600.000000
0.000000 0.000000 8640.000000
0.000000 0.000000 8680.000000
0.000000 0.000000 8720.000000
0.000000 0.000000 8760.000000
0.000000 0.000000 8800.000000
0.000000 0.000000 8840.000000
0.000000 0.000000 8880.000000
0.000000 0.000000 8920.000000
0.000000 0.000000 8960.000000
0.000000 0.000000 9000.000000
0.000000 0.000000 9040.000000
0.000000 0.000000 9080.000000
0.000000 0.000000 9120.000000
0.000000 0.000000 9160.000000
0.000000 0.000000 9200.000000
0.000000 0.000000 9240.000000
0.000000 0.000000 9280.000000
0.000000 0.000000 9320.000000
0.000000 0.000000 9360.000000
0.000000 0.000000 9400.000000
0.000000 0.000000 9440.000000
0.000000 0.000000 9480.000000
0.000000 0.000000 9520.000000
0.000000 0.000000 9560.000000
0.000000 0.000000 9600.000000
0.000000 0.000000 9640.000000
0.000000 0.000000 9680.000000
0.000000 0.000000 9720.000000
0.000000 0.000000 9760.000000
0.000000 0.000000 9800.000000
0.000000 0.000000 9840.000000
0.000000 0.000000 9880.000000
0.000000 0.000000 9920.000000
0.000000 0.000000 9960.000000
0.000000 0.000000 10000.000000
0.000000 0.000000 10040.000000
0.000000 0.000000 10080.000000
0.000000 0.000000 10120.000000
0.000000 0.000000 10160.000000
0.000000 0.000000 10200.000000
0.000000 0.000000 10240.000000
0.000000 0.000000 10280.000000
0.000000 0.000000 10320.000000
0.000000 0.000000 10360.000000
0.000000 0.000000 10400.000000
0.000000 0.000000 10440.000000
0.000000 0.000000 10480.000000
0.000000 0.000000 10520.000000
0.000000 0.000000 10560.000000
0.000000 0.000000 10600.000000
0.000000 0.000000 10640.000000
0.000000 0.000000 10680.000000
0.000000 0.000000 10720.000000
0.000000 0.000000 10760.000000
0.000000 0.000000 10800.000000
0.000000 0.000000 10840.000000
0.000000 0.000000 10880.000000
0.000000 0.000000 10920.000000
0.000000 0.000000 10960.000000
0.000000 0.000000 11000.000000
0.000000 0.000000 11040.000000
0.000000 0.000000 11080.000000
0.000000 0.000000 11120.000000
0.000000 0.000000 11160.000000
0.000000 0.000000 11200.000000
0.000000 0.000000 11240.000000
0.000000 0.000000 11280.000000
0.000000 0.000000 11320.000000
0.000000 0.000000 11360.000000
0.000000 0.000000 11400.000000
0.000000 0.000000 11440.000000
0.000000 0.000000 11480.000000
0.000000 0.000000 11520.000000
0.000000 0.000000 11560.000000
0.000000 0.000000 11600.000000
0.000000 0.000000 11640.000000
0.000000 0.000000 11680.000000
0.000000 0.000000 11720.000000
0.000000 0.000000 11760.000000
0.000000 0.000000 11800.000000
0.000000 0.000000 11840.000000
0.000000 0.000000 11880.000000
0.000000 0.000000 11920.000000
0.000000 0.000000 11960.000000
0.000000 0.000000 12000.000000
0.000000 0.000000 12040.000000
0.000000 0.000000 12080.000000
0.000000 0.000000 12120.000000
0.000000 0.000000 12160.000000
0.000000 0.000000 12200.000000
0.000000 0.000000 12240.000000
0.000000 0.000000 12280.000000
0.000000 0.000000 12320.000000
0.000000 0.000000 12360.000000
0.000000 0.000000 12400.000000
0.000000 0.000000 12440.000000
0.000000 0.000000 12480.000000
0.000000 0.000000 12520.000000
0.000000 0.000000 12560.000000
0.000000 0.000000 12600.000000
0.000000 0.000000 12640.000000
0.000000 0.000000 12680.000000
0.000000 0.000000 12720.000000
0.000000 0.000000 12760.000000
0.000000 0.000000 12800.000000
0.000000 0.000000 12840.000000
0.000000 0.000000 12880.000000
0.000000 0.000000 12920.000000
0.000000 0.000000 12960.000000
0.000000 0.000000 13000.000000
0.000000 0.000000 13040.000000
0.000000 0.000000 13080.000000
0.000000 0.000000 13120.000000
0.000000 0.000000 13160.000000
0.000000 0.000000 13200.000000
0.000000 0.000000 13240.000000
0.000000 0.000000 13280.000000
0.000000 0.000000 13320.000000
0.000000 0.000000 13360.000000
0.000000 0.000000 13400.000000
0.000000 0.000000 13440.000000
0.000000 0.000000 13480.000000
0.000000 0.000000 13520.000000
0.000000 0.000000 13560.000000
0.000000 0.000000 13600.000000
0.000000 0.000000 13640.000000
0.000000 0.000000 13680.000000
0.000000 0.000000 13720.000000
0.000000 0.000000 13760.000000
0.000000 0.000000 13800.000000
0.000000 0.000000 13840.000000
0.000000 0.000000 13880.000000
0.000000 0.000000 13920.000000
0.000000 0.000000 13960.000000
0.000000 0.000000 14000.000000
0.000000 0.000000 14040.000000
0.000000 0.000000 14080.000000
0.000000 0.000000 14120.000000
0.000000 0.000000 14160.000000
0.000000 0.000000 14200.000000
0.000000 0.000000 14240.000000
0.000000 0.000000 14280.000000
0.000000 0.000000 14320.000000
0.000000 0.000000 14360.000000
0.000000 0.000000 14400.000000
0.000000 0.000000 14440.000000
0.000000 0.000000 14480.000000
0.000000 0.000000 14520.000000
0.000000 0.000000 14560.000000
0.000000 0.000000 14600.000000
0.000000 0.000000 14640.000000
0.000000 0.000000 14680.000000
0.000000 0.000000 14720.000000
0.000000 0.000000 14760.000000
0.000000 0.000000 14800.000000
0.000000 0.000000 14840.000000
0.000000 0.000000 14880.000000
0.000000 0.000000 14920.000000
0.000000 0.000000 14960.000000
0.000000 0.000000 15000.000000
0.000000 0.000000 15040.000000
0.000000 0.000000 15080.000000
0.000000 0.000000 15120.000000
0.000000 0.000000 15160.000000
0.000000 0.000000 15200.000000
0.000000 0.000000 15240.000000
0.000000 0.000000 15280.000000
0.000000 0.000000 15320.000000
0.000000 0.000000 15360.000000
0.000000 0.000000 15400.000000
0.000000 0.000000 15440.000000
0.000000 0.000000 15480.000000
0.000000 0.000000 15520.000000
0.000000 0.000000 15560.000000
0.000000 0.000000 15600.000000
0.000000 0.000000 15640.000000
0.000000 0.000000 15680.000000
0.000000 0.000000 15720.000000
0.000000 0.000000 15760.000000
0.000000 0.000000 15800.000000
0.000000 0.000000 15840.000000
0.000000 0.000000 15880.000000
0.000000 0.000000 15920.000000
0.000000 0.000000 15960.000000
0.000000 0.000000 16000.000000
0.000000 0.000000 16040.000000
0.000000 0.000000 16080.000000
0.000000 0.000000 16120.000000
0.000000 0.000000 16160.000000
0.000000 0.000000 16200.000000
0.000000 0.000000 16240.000000
0.000000 0.000000 16280.000000
0.000000 0.000000 16320.000000
0.000000 0.000000 16360.000000
0.000000 0.000000 16400.000000
0.000000 0.000000 16440.000000
0.000000 0.000000 16480.000000
0.000000 0.000000 16520.000000
0.000000 0.000000 16560.000000
0.000000 0.000000 16600.000000
0.000000 0.000000 16640.000000
0.000000 0.000000 16680.000000
0.000000 0.000000 16720.000000
0.000000 0.000000 16760.000000
0.000000 0.000000 16800.000000
0.000000 0.000000 16840.000000
0.000000 0.000000 16880.000000
0.000000 0.000000 16920.000000
0.000000 0.000000 16960.000000
0.000000 0.000000 17000.000000
0.000000 0.000000 17040.000000
0.000000 0.000000 17080.000000
0.000000 0.000000 17120.000000
0.000000 0.000000 17160.000000
0.000000 0.000000 17200.000000
0.000000 0.000000 17240.000000
0.000000 0.000000 17280.000000
0.000000 0.000000 17320.000000
0.000000 0.000000 17360.000000
0.000000 0.000000 17400.000000
0.000000 0.000000 17440.000000
0.000000 0.000000 17480.000000
0.000000 0.000000 17520.000000
0.000000 0.000000 17560.000000
0.000000 0.000000 17600.000000
0.000000 0.000000 17640.000000
0.000000 0.000000 17680.000000
0.000000 0.000000 17720.000000
0.000000 0.000000 17760.000000
0.000000 0.000000 17800.000000
0.000000 0.000000 17840.000000
0.000000 0.000000 17880.000000
0.000000 0.000000 17920.000000
0.000000 0.000000 17960.000000
0.000000 0.000000 18000.000000
0.000000 0.000000 18040.000000
0.000000 0.000000 18080.000000
0.000000 0.000000 18120.000000
0.000000 0.000000 18160.000000
0.000000 0.000000 18200.000000
0.000000 0.000000 18240.000000
0.000000 0.000000 18280.000000
0.000000 0.000000 18320.000000
0.000000 0.000000 18360.000000
0.000000 0.000000 18400.000000
0.000000 0.000000 18440.000000
0.000000 0.000000 18480.000000
0.000000 0.000000 18520.000000
0.000000 0.000000 18560.000000
0.000000 0.000000 18600.000000
0.000000 0.000000 18640.000000
0.000000 0.000000 18680.000000
0.000000 0.000000 18720.000000
0.000000 0.000000 18760.000000
0.000000 0.000000 18800.000000
0.000000 0.000000 18840.000000
0.000000 0.000000 18880.000000
0.000000 0.000000 18920.000000
0.000000 0.000000 18960.000000
0.000000 0.000000 19000.000000
0.000000 0.000000 19040.000000
0.000000 0.000000 19080.000000
0.000000 0.000000 19120.000000
0.000000 0.000000 19160.000000
0.000000 0.000000 19200.000000
0.000000 0.000000 19240.000000
0.000000 0.000000 19280.000000
0.000000 0.000000 19320.000000
0.000000 0.000000 19360.000000
0.000000 0.000000 19400.000000
0.000000 0.000000 19440.000000
0.000000 0.000000 19480.000000
0.000000 0.000000 19520.000000
0.000000 0.000000 19560.000000
0.000000 0.000000 19600.000000
0.000000 0.000000 19640.000000
0.000000 0.000000 19680.000000
0.000000 0.000000 19720.000000
0.000000 0.000000 19760.000000
0.000000 0.000000 19800.000000
0.000000 0.000000 19840.000000
0.000000 0.000000 19880.000000
0.000000 0.000000 19920.000000
0.000000 0.000000 19960.000000
