307.552702 1424.450028 0.000000
584.890089 710.685497 40.000000
625.795572 456.202598 80.000000
619.255297 332.895010 120.000000
601.285492 262.294924 160.000000
581.283888 217.405573 200.000000
562.025055 186.737237 240.000000
544.288699 164.660210 280.000000
528.193320 148.123581 320.000000
513.636158 135.343219 360.000000
500.450379 125.213014 400.000000
488.462712 117.013242 440.000000
477.513836 110.257639 480.000000
467.464148 104.606480 520.000000
458.193910 99.815941 560.000000
449.601393 95.706832 600.000000
441.600459 92.144997 640.000000
434.118159 89.027975 680.000000
427.092635 86.276315 720.000000
420.471293 83.827719 760.000000
414.209265 81.632669 800.000000
408.268152 79.651342 840.000000
402.614970 77.851464 880.000000
397.221290 76.206648 920.000000
392.062516 74.695110 960.000000
387.117298 73.298853 1000.000000
382.367026 72.002790 1040.000000
377.795428 70.794283 1080.000000
373.388229 69.662668 1120.000000
369.132854 68.598880 1160.000000
365.018196 67.595217 1200.000000
361.034406 66.645087 1240.000000
357.172717 65.742848 1280.000000
353.425303 64.883610 1320.000000
349.785154 64.063160 1360.000000
346.245968 63.277846 1400.000000
342.802062 62.524471 1440.000000
339.448293 61.800252 1480.000000
336.179990 61.102751 1520.000000
332.992901 60.429825 1560.000000
329.883140 59.779616 1600.000000
326.847136 59.150416 1640.000000
323.881616 58.540752 1680.000000
320.983559 57.949315 1720.000000
318.150166 57.374932 1760.000000
315.378842 56.816550 1800.000000
312.667174 56.273210 1840.000000
310.012912 55.744062 1880.000000
307.413952 55.228343 1920.000000
304.868320 54.725365 1960.000000
302.374160 54.234479 2000.000000
299.929729 53.755106 2040.000000
297.533379 53.286719 2080.000000
295.183556 52.828825 2120.000000
292.878784 52.380981 2160.000000
290.617667 51.942772 2200.000000
288.398873 51.513820 2240.000000
286.221139 51.093759 2280.000000
284.083260 50.682264 2320.000000
281.984084 50.279020 2360.000000
279.922512 49.883744 2400.000000
277.897493 49.496154 2440.000000
275.908021 49.116002 2480.000000
273.953129 48.743041 2520.000000
272.031891 48.377046 2560.000000
270.143417 48.017801 2600.000000
268.286851 47.665101 2640.000000
266.461371 47.318751 2680.000000
264.666185 46.978567 2720.000000
262.900527 46.644376 2760.000000
261.163663 46.316005 2800.000000
259.454882 45.993297 2840.000000
257.773499 45.676097 2880.000000
256.118851 45.364255 2920.000000
254.490300 45.057629 2960.000000
252.887227 44.756088 3000.000000
251.309035 44.459502 3040.000000
249.755145 44.167742 3080.000000
248.224996 43.880689 3120.000000
246.718047 43.598232 3160.000000
245.233771 43.320250 3200.000000
243.771661 43.046637 3240.000000
242.331222 42.777296 3280.000000
240.911976 42.512118 3320.000000
239.513459 42.251009 3360.000000
238.135220 41.993875 3400.000000
236.776822 41.740627 3440.000000
235.437840 41.491174 3480.000000
234.117862 41.245432 3520.000000
232.816487 41.003316 3560.000000
231.533327 40.764750 3600.000000
230.268004 40.529650 3640.000000
229.020149 40.297946 3680.000000
227.789405 40.069567 3720.000000
226.575424 39.844436 3760.000000
225.377868 39.622487 3800.000000
224.196409 39.403650 3840.000000
223.030726 39.187862 3880.000000
221.880508 38.975059 3920.000000
220.745451 38.765182 3960.000000
219.625261 38.558169 4000.000000
218.519648 38.353966 4040.000000
217.428333 38.152513 4080.000000
216.351042 37.953755 4120.000000
215.287510 37.757638 4160.000000
214.237477 37.564114 4200.000000
213.200689 37.373129 4240.000000
212.176901 37.184634 4280.000000
211.165871 36.998584 4320.000000
210.167366 36.814928 4360.000000
209.181156 36.633619 4400.000000
208.207018 36.454618 4440.000000
207.244735 36.277879 4480.000000
206.294094 36.103358 4520.000000
205.354888 35.931019 4560.000000
204.426912 35.760819 4600.000000
203.509971 35.592718 4640.000000
202.603870 35.426679 4680.000000
201.708421 35.262660 4720.000000
200.823440 35.100632 4760.000000
199.948747 34.940554 4800.000000
199.084166 34.782393 4840.000000
198.229525 34.626116 4880.000000
197.384657 34.471687 4920.000000
196.549397 34.319077 4960.000000
195.723584 34.168255 5000.000000
194.907063 34.019189 5040.000000
194.099678 33.871849 5080.000000
193.301281 33.726205 5120.000000
192.511724 33.582229 5160.000000
191.730863 33.439896 5200.000000
190.958558 33.299174 5240.000000
190.194671 33.160036 5280.000000
189.439068 33.022456 5320.000000
188.691617 32.886410 5360.000000
187.952190 32.751874 5400.000000
187.220659 32.618822 5440.000000
186.496902 32.487229 5480.000000
185.780797 32.357071 5520.000000
185.072226 32.228328 5560.000000
184.371073 32.100975 5600.000000
183.677225 31.974990 5640.000000
182.990570 31.850353 5680.000000
182.310999 31.727042 5720.000000
181.638405 31.605037 5760.000000
180.972683 31.484318 5800.000000
180.313731 31.364863 5840.000000
179.661448 31.246654 5880.000000
179.015736 31.129673 5920.000000
178.376497 31.013899 5960.000000
177.743638 30.899316 6000.000000
177.117064 30.785905 6040.000000
176.496686 30.673652 6080.000000
175.882413 30.562533 6120.000000
175.274158 30.452535 6160.000000
174.671834 30.343639 6200.000000
174.075359 30.235833 6240.000000
173.484648 30.129098 6280.000000
172.899622 30.023420 6320.000000
172.320199 29.918785 6360.000000
171.746302 29.815173 6400.000000
171.177855 29.712574 6440.000000
170.614782 29.610971 6480.000000
170.057009 29.510352 6520.000000
169.504463 29.410701 6560.000000
168.957074 29.312006 6600.000000
168.414771 29.214254 6640.000000
167.877486 29.117430 6680.000000
167.345152 29.021522 6720.000000
166.817701 28.926519 6760.000000
166.295070 28.832407 6800.000000
165.777194 28.739175 6840.000000
165.264009 28.646809 6880.000000
164.755455 28.555298 6920.000000
164.251472 28.464631 6960.000000
163.751998 28.374798 7000.000000
163.256977 28.285786 7040.000000
162.766350 28.197584 7080.000000
162.280061 28.110183 7120.000000
161.798054 28.023571 7160.000000
161.320275 27.937738 7200.000000
160.846670 27.852674 7240.000000
160.377186 27.768368 7280.000000
159.911771 27.684810 7320.000000
159.450375 27.601993 7360.000000
158.992948 27.519906 7400.000000
158.539439 27.438538 7440.000000
158.089802 27.357882 7480.000000
157.643987 27.277929 7520.000000
157.201947 27.198669 7560.000000
156.763638 27.120095 7600.000000
156.329013 27.042197 7640.000000
155.898028 26.964967 7680.000000
155.470638 26.888396 7720.000000
155.046800 26.812476 7760.000000
154.626473 26.737199 7800.000000
154.209614 26.662559 7840.000000
153.796182 26.588547 7880.000000
153.386137 26.515155 7920.000000
152.979437 26.442375 7960.000000
152.576045 26.370200 8000.000000
152.175922 26.298625 8040.000000
151.779028 26.227641 8080.000000
151.385328 26.157240 8120.000000
150.994783 26.087416 8160.000000
150.607358 26.018161 8200.000000
150.223018 25.949471 8240.000000
149.841726 25.881337 8280.000000
149.463448 25.813753 8320.000000
149.088150 25.746714 8360.000000
148.715798 25.680213 8400.000000
148.346359 25.614245 8440.000000
147.979800 25.548800 8480.000000
147.616090 25.483874 8520.000000
147.255197 25.419461 8560.000000
146.897089 25.355557 8600.000000
146.541735 25.292154 8640.000000
146.189107 25.229249 8680.000000
145.839172 25.166834 8720.000000
145.491903 25.104904 8760.000000
145.147270 25.043454 8800.000000
144.805244 24.982478 8840.000000
144.465798 24.921971 8880.000000
144.128904 24.861929 8920.000000
143.794533 24.802347 8960.000000
143.462660 24.743218 9000.000000
143.133258 24.684537 9040.000000
142.806300 24.626300 9080.000000
142.481761 24.568503 9120.000000
142.159616 24.511140 9160.000000
141.839839 24.454207 9200.000000
141.522405 24.397700 9240.000000
141.207290 24.341613 9280.000000
140.894471 24.285943 9320.000000
140.583922 24.230685 9360.000000
140.275622 24.175834 9400.000000
139.969546 24.121387 9440.000000
139.665673 24.067339 9480.000000
139.363979 24.013686 9520.000000
139.064442 23.960424 9560.000000
138.767041 23.907548 9600.000000
138.471754 23.855055 9640.000000
138.178559 23.802941 9680.000000
137.887437 23.751202 9720.000000
137.598365 23.699835 9760.000000
137.311324 23.648835 9800.000000
137.026293 23.598198 9840.000000
136.743253 23.547921 9880.000000
136.462184 23.498000 9920.000000
136.183067 23.448432 9960.000000
135.905882 23.399213 10000.000000
135.630611 23.350340 10040.000000
135.357235 23.301809 10080.000000
135.085736 23.253618 10120.000000
134.816095 23.205762 10160.000000
134.548295 23.158238 10200.000000
134.282318 23.111042 10240.000000
134.018147 23.064173 10280.000000
133.755764 23.017626 10320.000000
133.495152 22.971399 10360.000000
133.236295 22.925488 10400.000000
132.979176 22.879891 10440.000000
132.723779 22.834604 10480.000000
132.470088 22.789624 10520.000000
132.218086 22.744949 10560.000000
131.967758 22.700576 10600.000000
131.719088 22.656501 10640.000000
131.472062 22.612721 10680.000000
131.226663 22.569235 10720.000000
130.982877 22.526038 10760.000000
130.740689 22.483129 10800.000000
130.500085 22.440505 10840.000000
130.261050 22.398163 10880.000000
130.023569 22.356101 10920.000000
129.787630 22.314316 10960.000000
129.553217 22.272806 11000.000000
129.320318 22.231567 11040.000000
129.088918 22.190598 11080.000000
128.859005 22.149896 11120.000000
128.630564 22.109458 11160.000000
128.403583 22.069282 11200.000000
128.178050 22.029367 11240.000000
127.953950 21.989709 11280.000000
127.731272 21.950305 11320.000000
127.510003 21.911155 11360.000000
127.290131 21.872255 11400.000000
127.071644 21.833603 11440.000000
126.854529 21.795198 11480.000000
126.638775 21.757038 11520.000000
126.424370 21.719118 11560.000000
126.211303 21.681438 11600.000000
125.999561 21.643995 11640.000000
125.789134 21.606788 11680.000000
125.580010 21.569814 11720.000000
125.372179 21.533072 11760.000000
125.165629 21.496559 11800.000000
124.960350 21.460274 11840.000000
124.756331 21.424214 11880.000000
124.553561 21.388377 11920.000000
124.352030 21.352763 11960.000000
124.151727 21.317368 12000.000000
123.952643 21.282190 12040.000000
123.754767 21.247230 12080.000000
123.558090 21.212483 12120.000000
123.362600 21.177949 12160.000000
123.168290 21.143625 12200.000000
122.975148 21.109509 12240.000000
122.783166 21.075601 12280.000000
122.592334 21.041898 12320.000000
122.402642 21.008399 12360.000000
122.214083 20.975102 12400.000000
122.026645 20.942005 12440.000000
121.840321 20.909106 12480.000000
121.655102 20.876405 12520.000000
121.470978 20.843899 12560.000000
121.287942 20.811587 12600.000000
121.105984 20.779467 12640.000000
120.925095 20.747538 12680.000000
120.745268 20.715798 12720.000000
120.566494 20.684246 12760.000000
120.388765 20.652879 12800.000000
120.212073 20.621696 12840.000000
120.036410 20.590697 12880.000000
119.861767 20.559880 12920.000000
119.688137 20.529242 12960.000000
119.515513 20.498784 13000.000000
119.343886 20.468503 13040.000000
119.173248 20.438398 13080.000000
119.003593 20.408468 13120.000000
118.834913 20.378711 13160.000000
118.667200 20.349126 13200.000000
118.500447 20.319712 13240.000000
118.334647 20.290467 13280.000000
118.169793 20.261390 13320.000000
118.005877 20.232479 13360.000000
117.842893 20.203733 13400.000000
117.680834 20.175152 13440.000000
117.519692 20.146733 13480.000000
117.359462 20.118476 13520.000000
117.200137 20.090380 13560.000000
117.041709 20.062442 13600.000000
116.884173 20.034663 13640.000000
116.727521 20.007040 13680.000000
116.571748 19.979573 13720.000000
116.416848 19.952260 13760.000000
116.262813 19.925101 13800.000000
116.109637 19.898094 13840.000000
115.957316 19.871238 13880.000000
115.805841 19.844532 13920.000000
115.655209 19.817975 13960.000000
115.505411 19.791565 14000.000000
115.356444 19.765302 14040.000000
115.208300 19.739184 14080.000000
115.060975 19.713212 14120.000000
114.914462 19.687383 14160.000000
114.768755 19.661696 14200.000000
114.623850 19.636150 14240.000000
114.479741 19.610745 14280.000000
114.336421 19.585479 14320.000000
114.193887 19.560351 14360.000000
114.052133 19.535361 14400.000000
113.911153 19.510506 14440.000000
113.770942 19.485788 14480.000000
113.631495 19.461204 14520.000000
113.492807 19.436753 14560.000000
113.354874 19.412435 14600.000000
113.217689 19.388250 14640.000000
113.081248 19.364194 14680.000000
112.945546 19.340269 14720.000000
112.810579 19.316473 14760.000000
112.676341 19.292805 14800.000000
112.542829 19.269264 14840.000000
112.410036 19.245850 14880.000000
112.277959 19.222561 14920.000000
112.146592 19.199396 14960.000000
112.015933 19.176356 15000.000000
111.885975 19.153439 15040.000000
111.756715 19.130644 15080.000000
111.628149 19.107970 15120.000000
111.500271 19.085417 15160.000000
111.373078 19.062984 15200.000000
111.246565 19.040670 15240.000000
111.120729 19.018474 15280.000000
110.995565 18.996395 15320.000000
110.871069 18.974433 15360.000000
110.747238 18.952586 15400.000000
110.624066 18.930855 15440.000000
110.501551 18.909239 15480.000000
110.379688 18.887736 15520.000000
110.258474 18.866346 15560.000000
110.137904 18.845069 15600.000000
110.017976 18.823903 15640.000000
109.898685 18.802847 15680.000000
109.780027 18.781902 15720.000000
109.661999 18.761067 15760.000000
109.544598 18.740341 15800.000000
109.427820 18.719723 15840.000000
109.311661 18.699211 15880.000000
109.196118 18.678807 15920.000000
109.081187 18.658509 15960.000000
108.966866 18.638316 16000.000000
108.853151 18.618228 16040.000000
108.740039 18.598244 16080.000000
108.627526 18.578364 16120.000000
108.515609 18.558587 16160.000000
108.404286 18.538912 16200.000000
108.293553 18.519339 16240.000000
108.183406 18.499868 16280.000000
108.073844 18.480497 16320.000000
107.964863 18.461225 16360.000000
107.856459 18.442054 16400.000000
107.748631 18.422981 16440.000000
107.641376 18.404007 16480.000000
107.534689 18.385130 16520.000000
107.428570 18.366350 16560.000000
107.323014 18.347668 16600.000000
107.218020 18.329081 16640.000000
107.113585 18.310590 16680.000000
107.009705 18.292194 16720.000000
106.906379 18.273892 16760.000000
106.803605 18.255684 16800.000000
106.701378 18.237570 16840.000000
106.599698 18.219549 16880.000000
106.498561 18.201621 16920.000000
106.397966 18.183784 16960.000000
106.297910 18.166039 17000.000000
106.198390 18.148385 17040.000000
106.099405 18.130822 17080.000000
106.000952 18.113349 17120.000000
105.903029 18.095966 17160.000000
105.805634 18.078672 17200.000000
105.708764 18.061467 17240.000000
105.612419 18.044350 17280.000000
105.516595 18.027321 17320.000000
105.421291 18.010380 17360.000000
105.326504 17.993525 17400.000000
105.232234 17.976758 17440.000000
105.138477 17.960076 17480.000000
105.045233 17.943481 17520.000000
104.952499 17.926971 17560.000000
104.860274 17.910546 17600.000000
104.768556 17.894205 17640.000000
104.677344 17.877949 17680.000000
104.586635 17.861777 17720.000000
104.496428 17.845688 17760.000000
104.406723 17.829683 17800.000000
104.317516 17.813760 17840.000000
104.228807 17.797920 17880.000000
104.140594 17.782162 17920.000000
104.052876 17.766486 17960.000000
103.965652 17.750891 18000.000000
103.878920 17.735377 18040.000000
103.792679 17.719944 18080.000000
103.706928 17.704592 18120.000000
103.621666 17.689319 18160.000000
103.536891 17.674127 18200.000000
103.452603 17.659014 18240.000000
103.368800 17.643980 18280.000000
103.285481 17.629025 18320.000000
103.202647 17.614149 18360.000000
103.120294 17.599351 18400.000000
103.038424 17.584632 18440.000000
102.957034 17.569990 18480.000000
102.876125 17.555426 18520.000000
102.795695 17.540939 18560.000000
102.715743 17.526529 18600.000000
102.636270 17.512196 18640.000000
102.557274 17.497940 18680.000000
102.478756 17.483759 18720.000000
102.400713 17.469656 18760.000000
102.323147 17.455628 18800.000000
102.246056 17.441675 18840.000000
102.169441 17.427799 18880.000000
102.093300 17.413997 18920.000000
102.017634 17.400271 18960.000000
101.942443 17.386619 19000.000000
101.867726 17.373043 19040.000000
101.793482 17.359540 19080.000000
101.719713 17.346113 19120.000000
101.646418 17.332759 19160.000000
101.573597 17.319479 19200.000000
101.501250 17.306273 19240.000000
101.429378 17.293141 19280.000000
101.357979 17.280083 19320.000000
101.287056 17.267098 19360.000000
101.216607 17.254186 19400.000000
101.146634 17.241348 19440.000000
101.077137 17.228582 19480.000000
101.008116 17.215890 19520.000000
100.939571 17.203270 19560.000000
100.871504 17.190723 19600.000000
100.803915 17.178249 19640.000000
100.736804 17.165847 19680.000000
100.670173 17.153518 19720.000000
100.604022 17.141261 19760.000000
100.538352 17.129077 19800.000000
100.473164 17.116965 19840.000000
100.408459 17.104926 19880.000000
100.344237 17.092958 19920.000000
100.280501 17.081063 19960.000000
100.217251 17.069240 20000.000000
100.154489 17.057489 20040.000000
100.092215 17.045811 20080.000000
100.030431 17.034204 20120.000000
99.969139 17.022670 20160.000000
99.908339 17.011207 20200.000000
99.848035 16.999817 20240.000000
99.788226 16.988499 20280.000000
99.728916 16.977254 20320.000000
99.670105 16.966080 20360.000000
99.611796 16.954979 20400.000000
99.553990 16.943950 20440.000000
99.496690 16.932993 20480.000000
99.439897 16.922109 20520.000000
99.383614 16.911298 20560.000000
99.327843 16.900559 20600.000000
99.272586 16.889893 20640.000000
99.217846 16.879300 20680.000000
99.163625 16.868780 20720.000000
99.109925 16.858333 20760.000000
99.056750 16.847959 20800.000000
99.004101 16.837658 20840.000000
98.951982 16.827431 20880.000000
98.900396 16.817278 20920.000000
98.849345 16.807199 20960.000000
98.798833 16.797193 21000.000000
98.748862 16.787262 21040.000000
98.699436 16.777405 21080.000000
98.650559 16.767622 21120.000000
98.602234 16.757915 21160.000000
98.554463 16.748282 21200.000000
98.507252 16.738725 21240.000000
98.460603 16.729243 21280.000000
98.414520 16.719837 21320.000000
98.369008 16.710506 21360.000000
98.324070 16.701253 21400.000000
98.279710 16.692075 21440.000000
98.235933 16.682975 21480.000000
98.192743 16.673952 21520.000000
98.150144 16.665006 21560.000000
98.108141 16.656138 21600.000000
98.066739 16.647349 21640.000000
98.025942 16.638637 21680.000000
97.985756 16.630005 21720.000000
97.946185 16.621452 21760.000000
97.907234 16.612979 21800.000000
97.868909 16.604585 21840.000000
97.831214 16.596272 21880.000000
97.794157 16.588040 21920.000000
97.757741 16.579889 21960.000000
97.721974 16.571820 22000.000000
97.686860 16.563834 22040.000000
97.652406 16.555929 22080.000000
97.618619 16.548109 22120.000000
97.585503 16.540371 22160.000000
97.553066 16.532718 22200.000000
97.521315 16.525150 22240.000000
97.490255 16.517667 22280.000000
97.459895 16.510270 22320.000000
97.430240 16.502959 22360.000000
97.401298 16.495736 22400.000000
97.373077 16.488600 22440.000000
97.345584 16.481552 22480.000000
97.318826 16.474593 22520.000000
97.292812 16.467723 22560.000000
97.267548 16.460944 22600.000000
97.243044 16.454256 22640.000000
97.219308 16.447659 22680.000000
97.196348 16.441154 22720.000000
97.174173 16.434743 22760.000000
97.152791 16.428425 22800.000000
97.132212 16.422202 22840.000000
97.112444 16.416074 22880.000000
97.093498 16.410042 22920.000000
97.075382 16.404107 22960.000000
97.058107 16.398270 23000.000000
97.041682 16.392531 23040.000000
97.026118 16.386892 23080.000000
97.011424 16.381354 23120.000000
96.997612 16.375916 23160.000000
96.984692 16.370581 23200.000000
96.972674 16.365349 23240.000000
96.961571 16.360222 23280.000000
96.951394 16.355199 23320.000000
96.942154 16.350283 23360.000000
96.933862 16.345473 23400.000000
96.926532 16.340772 23440.000000
96.920175 16.336181 23480.000000
96.914804 16.331700 23520.000000
96.910431 16.327330 23560.000000
96.907070 16.323073 23600.000000
96.904734 16.318930 23640.000000
96.903436 16.314903 23680.000000
96.903191 16.310991 23720.000000
96.904011 16.307197 23760.000000
96.905911 16.303522 23800.000000
96.908906 16.299966 23840.000000
96.913011 16.296533 23880.000000
96.918241 16.293222 23920.000000
96.924610 16.290035 23960.000000
96.932135 16.286974 24000.000000
96.940831 16.284039 24040.000000
96.950715 16.281233 24080.000000
96.961803 16.278557 24120.000000
96.974112 16.276012 24160.000000
96.987658 16.273600 24200.000000
97.002460 16.271323 24240.000000
97.018535 16.269181 24280.000000
97.035901 16.267178 24320.000000
97.054576 16.265313 24360.000000
97.074579 16.263589 24400.000000
97.095929 16.262009 24440.000000
97.118645 16.260572 24480.000000
97.142747 16.259282 24520.000000
97.168254 16.258139 24560.000000
97.195187 16.257147 24600.000000
97.223567 16.256306 24640.000000
97.253415 16.255619 24680.000000
97.284752 16.255087 24720.000000
97.317599 16.254713 24760.000000
97.351980 16.254498 24800.000000
97.387915 16.254445 24840.000000
97.425429 16.254555 24880.000000
97.464544 16.254831 24920.000000
97.505284 16.255275 24960.000000
97.547674 16.255888 25000.000000
97.591736 16.256674 25040.000000
97.637497 16.257635 25080.000000
97.684982 16.258772 25120.000000
97.734215 16.260089 25160.000000
97.785223 16.261586 25200.000000
97.838033 16.263268 25240.000000
97.892671 16.265136 25280.000000
97.949165 16.267193 25320.000000
98.007542 16.269441 25360.000000
98.067830 16.271883 25400.000000
98.130059 16.274522 25440.000000
98.194257 16.277359 25480.000000
98.260453 16.280399 25520.000000
98.328678 16.283643 25560.000000
98.398962 16.287095 25600.000000
98.471336 16.290757 25640.000000
98.545831 16.294632 25680.000000
98.622479 16.298723 25720.000000
98.701312 16.303033 25760.000000
98.782363 16.307565 25800.000000
98.865665 16.312321 25840.000000
98.951252 16.317307 25880.000000
99.039158 16.322523 25920.000000
99.129418 16.327974 25960.000000
99.222067 16.333663 26000.000000
99.317140 16.339592 26040.000000
99.414673 16.345766 26080.000000
99.514705 16.352188 26120.000000
99.617270 16.358861 26160.000000
99.722408 16.365789 26200.000000
99.830156 16.372975 26240.000000
99.940553 16.380423 26280.000000
100.053639 16.388136 26320.000000
100.169452 16.396119 26360.000000
100.288033 16.404375 26400.000000
100.409423 16.412907 26440.000000
100.533663 16.421720 26480.000000
100.660794 16.430817 26520.000000
100.790860 16.440203 26560.000000
100.923902 16.449882 26600.000000
101.059964 16.459857 26640.000000
101.199090 16.470133 26680.000000
101.341323 16.480714 26720.000000
101.486710 16.491604 26760.000000
101.635294 16.502807 26800.000000
101.787122 16.514328 26840.000000
101.942240 16.526171 26880.000000
102.100695 16.538341 26920.000000
102.262534 16.550842 26960.000000
102.427805 16.563679 27000.000000
102.596556 16.576856 27040.000000
102.768835 16.590378 27080.000000
102.944692 16.604251 27120.000000
103.124177 16.618478 27160.000000
103.307339 16.633064 27200.000000
103.494229 16.648015 27240.000000
103.684897 16.663335 27280.000000
103.879396 16.679029 27320.000000
104.077777 16.695103 27360.000000
104.280091 16.711562 27400.000000
104.486393 16.728410 27440.000000
104.696734 16.745654 27480.000000
104.911169 16.763297 27520.000000
105.129750 16.781347 27560.000000
105.352531 16.799807 27600.000000
105.579568 16.818685 27640.000000
105.810915 16.837984 27680.000000
106.046627 16.857711 27720.000000
106.286759 16.877872 27760.000000
106.531366 16.898472 27800.000000
106.780505 16.919515 27840.000000
107.034232 16.941010 27880.000000
107.292602 16.962961 27920.000000
107.555673 16.985374 27960.000000
107.823500 17.008256 28000.000000
108.096142 17.031612 28040.000000
108.373654 17.055448 28080.000000
108.656093 17.079770 28120.000000
108.943517 17.104585 28160.000000
109.235983 17.129898 28200.000000
109.533548 17.155716 28240.000000
109.836269 17.182046 28280.000000
110.144203 17.208892 28320.000000
110.457407 17.236262 28360.000000
110.775938 17.264162 28400.000000
111.099854 17.292598 28440.000000
111.429210 17.321578 28480.000000
111.764064 17.351106 28520.000000
112.104472 17.381190 28560.000000
112.450489 17.411837 28600.000000
112.802171 17.443052 28640.000000
113.159575 17.474842 28680.000000
113.522754 17.507215 28720.000000
113.891765 17.540176 28760.000000
114.266659 17.573731 28800.000000
114.647493 17.607889 28840.000000
115.034319 17.642656 28880.000000
115.427189 17.678037 28920.000000
115.826156 17.714041 28960.000000
116.231270 17.750673 29000.000000
116.642584 17.787940 29040.000000
117.060146 17.825849 29080.000000
117.484005 17.864406 29120.000000
117.914211 17.903618 29160.000000
118.350810 17.943492 29200.000000
118.793850 17.984034 29240.000000
119.243375 18.025251 29280.000000
119.699430 18.067149 29320.000000
120.162058 18.109735 29360.000000
120.631303 18.153017 29400.000000
121.107205 18.197000 29440.000000
121.589803 18.241690 29480.000000
122.079137 18.287095 29520.000000
122.575243 18.333219 29560.000000
123.078157 18.380071 29600.000000
123.587914 18.427655 29640.000000
124.104546 18.475978 29680.000000
124.628085 18.525046 29720.000000
125.158561 18.574866 29760.000000
125.696001 18.625443 29800.000000
126.240431 18.676785 29840.000000
126.791877 18.728895 29880.000000
127.350360 18.781780 29920.000000
127.915901 18.835446 29960.000000
128.488519 18.889898 30000.000000
129.068231 18.945141 30040.000000
129.655051 19.001180 30080.000000
130.248993 19.058022 30120.000000
130.850065 19.115670 30160.000000
131.458278 19.174130 30200.000000
132.073636 19.233407 30240.000000
132.696142 19.293506 30280.000000
133.325800 19.354431 30320.000000
133.962606 19.416186 30360.000000
134.606557 19.478777 30400.000000
135.257647 19.542205 30440.000000
135.915867 19.606476 30480.000000
136.581206 19.671593 30520.000000
137.253650 19.737560 30560.000000
137.933181 19.804380 30600.000000
138.619781 19.872057 30640.000000
139.313426 19.940594 30680.000000
140.014090 20.009993 30720.000000
140.721747 20.080255 30760.000000
141.436366 20.151385 30800.000000
142.157911 20.223385 30840.000000
142.886347 20.296257 30880.000000
143.621632 20.370001 30920.000000
144.363724 20.444619 30960.000000
145.112576 20.520111 31000.000000
145.868140 20.596480 31040.000000
146.630362 20.673726 31080.000000
147.399189 20.751848 31120.000000
148.174560 20.830848 31160.000000
148.956414 20.910725 31200.000000
149.744686 20.991477 31240.000000
150.539309 21.073104 31280.000000
151.340209 21.155607 31320.000000
152.147315 21.238982 31360.000000
152.960546 21.323229 31400.000000
153.779822 21.408345 31440.000000
154.605060 21.494326 31480.000000
155.436173 21.581173 31520.000000
156.273069 21.668881 31560.000000
157.115655 21.757449 31600.000000
157.963834 21.846870 31640.000000
158.817507 21.937143 31680.000000
159.676570 22.028261 31720.000000
160.540917 22.120221 31760.000000
161.410440 22.213016 31800.000000
162.285026 22.306642 31840.000000
163.164562 22.401093 31880.000000
164.048928 22.496364 31920.000000
164.938004 22.592448 31960.000000
165.831666 22.689337 32000.000000
166.729789 22.787025 32040.000000
167.632243 22.885504 32080.000000
168.538897 22.984766 32120.000000
169.449617 23.084804 32160.000000
170.364265 23.185607 32200.000000
171.282702 23.287168 32240.000000
172.204787 23.389476 32280.000000
173.130376 23.492522 32320.000000
174.059323 23.596294 32360.000000
174.991480 23.700783 32400.000000
175.926696 23.805981 32440.000000
176.864818 23.911876 32480.000000
177.805692 24.018453 32520.000000
178.749162 24.125703 32560.000000
179.695070 24.233610 32600.000000
180.643257 24.342165 32640.000000
181.593560 24.451353 32680.000000
182.545818 24.561162 32720.000000
183.499867 24.671578 32760.000000
184.455542 24.782586 32800.000000
185.412676 24.894172 32840.000000
186.371101 25.006320 32880.000000
187.330650 25.119017 32920.000000
188.291154 25.232248 32960.000000
189.252442 25.345997 33000.000000
190.214344 25.460248 33040.000000
191.176689 25.574984 33080.000000
192.139306 25.690189 33120.000000
193.102021 25.805845 33160.000000
194.064665 25.921936 33200.000000
195.027065 26.038444 33240.000000
195.989048 26.155350 33280.000000
196.950445 26.272640 33320.000000
197.911082 26.390296 33360.000000
198.870788 26.508297 33400.000000
199.829393 26.626628 33440.000000
200.786727 26.745268 33480.000000
201.742618 26.864198 33520.000000
202.696900 26.983401 33560.000000
203.649403 27.102856 33600.000000
204.599961 27.222544 33640.000000
205.548408 27.342444 33680.000000
206.494580 27.462538 33720.000000
207.438314 27.582807 33760.000000
208.379447 27.703230 33800.000000
209.317819 27.823788 33840.000000
210.253271 27.944459 33880.000000
211.185645 28.065224 33920.000000
212.114789 28.186063 33960.000000
213.040546 28.306955 34000.000000
213.962766 28.427882 34040.000000
214.881300 28.548821 34080.000000
215.795999 28.669755 34120.000000
216.706719 28.790661 34160.000000
217.613316 28.911519 34200.000000
218.515650 29.032309 34240.000000
219.413582 29.153014 34280.000000
220.306976 29.273611 34320.000000
221.195698 29.394079 34360.000000
222.079618 29.514399 34400.000000
222.958607 29.634552 34440.000000
223.832541 29.754516 34480.000000
224.701295 29.874274 34520.000000
225.564751 29.993805 34560.000000
226.422790 30.113091 34600.000000
227.275298 30.232113 34640.000000
228.122162 30.350853 34680.000000
228.963275 30.469287 34720.000000
229.798530 30.587401 34760.000000
230.627825 30.705174 34800.000000
231.451059 30.822589 34840.000000
232.268136 30.939627 34880.000000
233.078962 31.056271 34920.000000
233.883447 31.172501 34960.000000
234.681502 31.288299 35000.000000
235.473044 31.403653 35040.000000
236.257990 31.518542 35080.000000
237.036262 31.632952 35120.000000
237.807785 31.746864 35160.000000
238.572486 31.860263 35200.000000
239.330295 31.973134 35240.000000
240.081147 32.085459 35280.000000
240.824979 32.197225 35320.000000
241.561730 32.308416 35360.000000
242.291342 32.419016 35400.000000
243.013764 32.529013 35440.000000
243.728942 32.638392 35480.000000
244.436828 32.747140 35520.000000
245.137379 32.855241 35560.000000
245.830550 32.962685 35600.000000
246.516303 33.069458 35640.000000
247.194601 33.175547 35680.000000
247.865411 33.280941 35720.000000
248.528701 33.385629 35760.000000
249.184442 33.489596 35800.000000
249.832611 33.592835 35840.000000
250.473183 33.695333 35880.000000
251.106139 33.797082 35920.000000
251.731460 33.898069 35960.000000
252.349131 33.998285 36000.000000
252.959141 34.097724 36040.000000
253.561479 34.196373 36080.000000
254.156137 34.294224 36120.000000
254.743110 34.391270 36160.000000
255.322395 34.487501 36200.000000
255.893992 34.582911 36240.000000
256.457902 34.677493 36280.000000
257.014129 34.771239 36320.000000
257.562679 34.864143 36360.000000
258.103561 34.956198 36400.000000
258.636784 35.047398 36440.000000
259.162360 35.137737 36480.000000
259.680305 35.227212 36520.000000
260.190635 35.315817 36560.000000
260.693366 35.403546 36600.000000
261.188519 35.490395 36640.000000
261.676115 35.576361 36680.000000
262.156179 35.661436 36720.000000
262.628735 35.745622 36760.000000
263.093810 35.828916 36800.000000
263.551431 35.911313 36840.000000
264.001630 35.992811 36880.000000
264.444436 36.073407 36920.000000
264.879883 36.153099 36960.000000
265.308005 36.231886 37000.000000
265.728837 36.309765 37040.000000
266.142417 36.386736 37080.000000
266.548783 36.462799 37120.000000
266.947974 36.537953 37160.000000
267.340030 36.612195 37200.000000
267.724994 36.685527 37240.000000
268.102908 36.757949 37280.000000
268.473817 36.829462 37320.000000
268.837765 36.900065 37360.000000
269.194798 36.969761 37400.000000
269.544963 37.038549 37440.000000
269.888308 37.106432 37480.000000
270.224881 37.173410 37520.000000
270.554732 37.239485 37560.000000
270.877912 37.304658 37600.000000
271.194472 37.368930 37640.000000
271.504463 37.432308 37680.000000
271.807939 37.494792 37720.000000
272.104951 37.556385 37760.000000
272.395555 37.617088 37800.000000
272.679803 37.676905 37840.000000
272.957753 37.735842 37880.000000
273.229458 37.793899 37920.000000
273.494975 37.851080 37960.000000
273.754361 37.907389 38000.000000
274.007672 37.962830 38040.000000
274.254967 38.017406 38080.000000
274.496302 38.071122 38120.000000
274.731737 38.123983 38160.000000
274.961329 38.175992 38200.000000
275.185138 38.227155 38240.000000
275.403222 38.277475 38280.000000
275.615642 38.326956 38320.000000
275.822458 38.375605 38360.000000
276.023728 38.423426 38400.000000
276.219514 38.470425 38440.000000
276.409875 38.516607 38480.000000
276.594872 38.561976 38520.000000
276.774566 38.606539 38560.000000
276.949018 38.650301 38600.000000
277.118288 38.693267 38640.000000
277.282437 38.735444 38680.000000
277.441527 38.776836 38720.000000
277.595618 38.817450 38760.000000
277.744772 38.857291 38800.000000
277.889050 38.896366 38840.000000
278.028514 38.934679 38880.000000
278.163223 38.972238 38920.000000
278.293241 39.009049 38960.000000
278.418627 39.045119 39000.000000
278.539442 39.080452 39040.000000
278.655748 39.115057 39080.000000
278.767607 39.148938 39120.000000
278.875077 39.182102 39160.000000
278.978221 39.214556 39200.000000
279.077099 39.246306 39240.000000
279.171771 39.277360 39280.000000
279.262297 39.307723 39320.000000
279.348739 39.337402 39360.000000
279.431155 39.366402 39400.000000
279.509607 39.394733 39440.000000
279.584153 39.422400 39480.000000
279.654852 39.449410 39520.000000
279.721765 39.475770 39560.000000
279.784950 39.501487 39600.000000
279.844466 39.526566 39640.000000
279.900371 39.551015 39680.000000
279.952724 39.574842 39720.000000
280.001583 39.598052 39760.000000
280.047006 39.620652 39800.000000
280.089050 39.642650 39840.000000
280.127773 39.664053 39880.000000
280.163231 39.684866 39920.000000
280.195482 39.705098 39960.000000
280.224580 39.724755 40000.000000
280.250584 39.743843 40040.000000
280.273548 39.762371 40080.000000
280.293527 39.780344 40120.000000
280.310577 39.797770 40160.000000
280.324754 39.814655 40200.000000
280.336110 39.831006 40240.000000
280.344699 39.846831 40280.000000
280.350577 39.862136 40320.000000
280.353795 39.876928 40360.000000
280.354407 39.891214 40400.000000
280.352465 39.905001 40440.000000
280.348022 39.918296 40480.000000
280.341129 39.931105 40520.000000
280.331838 39.943435 40560.000000
280.320199 39.955293 40600.000000
280.306263 39.966685 40640.000000
280.290080 39.977620 40680.000000
280.271700 39.988102 40720.000000
280.251172 39.998140 40760.000000
280.228545 40.007739 40800.000000
280.203868 40.016907 40840.000000
280.177188 40.025649 40880.000000
280.148553 40.033973 40920.000000
280.118010 40.041885 40960.000000
280.085606 40.049392 41000.000000
280.051386 40.056501 41040.000000
280.015398 40.063217 41080.000000
279.977685 40.069547 41120.000000
279.938293 40.075498 41160.000000
279.897265 40.081077 41200.000000
279.854647 40.086288 41240.000000
279.810481 40.091140 41280.000000
279.764810 40.095638 41320.000000
279.717677 40.099789 41360.000000
279.669123 40.103599 41400.000000
279.619191 40.107073 41440.000000
279.567921 40.110218 41480.000000
279.515353 40.113041 41520.000000
279.461528 40.115547 41560.000000
279.406485 40.117742 41600.000000
279.350263 40.119632 41640.000000
279.292901 40.121224 41680.000000
279.234437 40.122523 41720.000000
279.174909 40.123535 41760.000000
279.114353 40.124267 41800.000000
279.052806 40.124722 41840.000000
278.990305 40.124909 41880.000000
278.926884 40.124831 41920.000000
278.862580 40.124495 41960.000000
278.797427 40.123907 42000.000000
278.731458 40.123072 42040.000000
278.664707 40.121995 42080.000000
278.597209 40.120681 42120.000000
278.528995 40.119138 42160.000000
278.460097 40.117368 42200.000000
278.390548 40.115379 42240.000000
278.320378 40.113175 42280.000000
278.249618 40.110761 42320.000000
278.178300 40.108142 42360.000000
278.106451 40.105324 42400.000000
278.034102 40.102312 42440.000000
277.961282 40.099110 42480.000000
277.888018 40.095723 42520.000000
277.814340 40.092157 42560.000000
277.740273 40.088416 42600.000000
277.665846 40.084505 42640.000000
277.591085 40.080429 42680.000000
277.516015 40.076192 42720.000000
277.440662 40.071798 42760.000000
277.365052 40.067254 42800.000000
277.289210 40.062562 42840.000000
277.213158 40.057727 42880.000000
277.136922 40.052754 42920.000000
277.060524 40.047647 42960.000000
276.983988 40.042410 43000.000000
276.907336 40.037048 43040.000000
276.830590 40.031564 43080.000000
276.753771 40.025963 43120.000000
276.676901 40.020249 43160.000000
276.600001 40.014425 43200.000000
276.523091 40.008496 43240.000000
276.446191 40.002466 43280.000000
276.369321 39.996338 43320.000000
276.292499 39.990116 43360.000000
276.215745 39.983804 43400.000000
276.139077 39.977405 43440.000000
276.062512 39.970923 43480.000000
275.986069 39.964362 43520.000000
275.909764 39.957725 43560.000000
275.833614 39.951015 43600.000000
275.757637 39.944237 43640.000000
275.681847 39.937392 43680.000000
275.606260 39.930485 43720.000000
275.530893 39.923519 43760.000000
275.455759 39.916496 43800.000000
275.380874 39.9094