316.443955 1427.381495 0.000000
766.543847 873.640350 40.000000
892.336729 718.089944 80.000000
945.737377 655.311024 120.000000
973.058698 626.723526 160.000000
988.795925 613.391075 200.000000
998.787344 607.515052 240.000000
1005.732842 605.442280 280.000000
1010.982594 605.336809 320.000000
1015.242999 606.240371 360.000000
1018.893952 607.642951 400.000000
1022.143841 609.271078 440.000000
1025.109122 610.978021 480.000000
1027.856396 612.685739 520.000000
1030.425025 614.353557 560.000000
1032.839405 615.961159 600.000000
1035.115636 617.499142 640.000000
1037.265161 618.964208 680.000000
1039.296796 620.356237 720.000000
1041.217796 621.676795 760.000000
1043.034466 622.928264 800.000000
1044.752485 624.113493 840.000000
1046.377098 625.235426 880.000000
1047.913210 626.297106 920.000000
1049.365452 627.301462 960.000000
1050.738216 628.251379 1000.000000
1052.035666 629.149590 1040.000000
1053.261761 629.998764 1080.000000
1054.420271 630.801460 1120.000000
1055.514784 631.560095 1160.000000
1056.548707 632.276970 1200.000000
1057.525286 632.954322 1240.000000
1058.447601 633.594237 1280.000000
1059.318580 634.198711 1320.000000
1060.141000 634.769635 1360.000000
1060.917494 635.308810 1400.000000
1061.650564 635.817950 1440.000000
1062.342579 636.298693 1480.000000
1062.995790 636.752577 1520.000000
1063.612328 637.181062 1560.000000
1064.194211 637.585549 1600.000000
1064.743354 637.967347 1640.000000
1065.261566 638.327695 1680.000000
1065.750560 638.667784 1720.000000
1066.211959 638.988734 1760.000000
1066.647299 639.291599 1800.000000
1067.058031 639.577382 1840.000000
1067.445527 639.847032 1880.000000
1067.811087 640.101446 1920.000000
1068.155938 640.341478 1960.000000
1068.481241 640.567930 2000.000000
1068.788094 640.781563 2040.000000
1069.077533 640.983088 2080.000000
1069.350538 641.173188 2120.000000
1069.608033 641.352501 2160.000000
1069.850892 641.521638 2200.000000
1070.079942 641.681170 2240.000000
1070.295962 641.831637 2280.000000
1070.499688 641.973549 2320.000000
1070.691816 642.107389 2360.000000
1070.873001 642.233615 2400.000000
1071.043863 642.352657 2440.000000
1071.204989 642.464922 2480.000000
1071.356929 642.570793 2520.000000
1071.500206 642.670632 2560.000000
1071.635311 642.764780 2600.000000
1071.762708 642.853561 2640.000000
1071.882835 642.937278 2680.000000
1071.996106 643.016219 2720.000000
1072.102910 643.090657 2760.000000
1072.203615 643.160847 2800.000000
1072.298569 643.227031 2840.000000
1072.388100 643.289436 2880.000000
1072.472515 643.348277 2920.000000
1072.552107 643.403757 2960.000000
1072.627150 643.456068 3000.000000
1072.697905 643.505391 3040.000000
1072.764615 643.551896 3080.000000
1072.827511 643.595743 3120.000000
1072.886811 643.637083 3160.000000
1072.942720 643.676060 3200.000000
1072.995432 643.712809 3240.000000
1073.045129 643.747457 3280.000000
1073.091983 643.780123 3320.000000
1073.136157 643.810921 3360.000000
1073.177804 643.839958 3400.000000
1073.217068 643.867334 3440.000000
1073.254086 643.893143 3480.000000
1073.288985 643.917476 3520.000000
1073.321887 643.940417 3560.000000
1073.352907 643.962045 3600.000000
1073.382150 643.982435 3640.000000
1073.409721 644.001659 3680.000000
1073.435713 644.019783 3720.000000
1073.460217 644.036869 3760.000000
1073.483319 644.052977 3800.000000
1073.505098 644.068164 3840.000000
1073.525631 644.082481 3880.000000
1073.544988 644.095978 3920.000000
1073.563236 644.108703 3960.000000
1073.580440 644.120699 4000.000000
1073.596659 644.132009 4040.000000
1073.611949 644.142671 4080.000000
1073.626364 644.152722 4120.000000
1073.639953 644.162198 4160.000000
1073.652765 644.171132 4200.000000
1073.664842 644.179554 4240.000000
1073.676228 644.187494 4280.000000
1073.686962 644.194979 4320.000000
1073.697081 644.202035 4360.000000
1073.706621 644.208687 4400.000000
1073.715615 644.214959 4440.000000
1073.724093 644.220871 4480.000000
1073.732086 644.226445 4520.000000
1073.739621 644.231699 4560.000000
1073.746724 644.236653 4600.000000
1073.753421 644.241322 4640.000000
1073.759734 644.245725 4680.000000
1073.765685 644.249875 4720.000000
1073.771296 644.253788 4760.000000
1073.776585 644.257476 4800.000000
1073.781572 644.260954 4840.000000
1073.786273 644.264232 4880.000000
1073.790704 644.267322 4920.000000
1073.794882 644.270235 4960.000000
1073.798820 644.272982 5000.000000
1073.802533 644.275571 5040.000000
1073.806033 644.278012 5080.000000
1073.809333 644.280313 5120.000000
1073.812444 644.282482 5160.000000
1073.815376 644.284527 5200.000000
1073.818141 644.286455 5240.000000
1073.820747 644.288272 5280.000000
1073.823204 644.289986 5320.000000
1073.825520 644.291601 5360.000000
1073.827703 644.293123 5400.000000
1073.829762 644.294559 5440.000000
1073.831702 644.295912 5480.000000
1073.833531 644.297188 5520.000000
1073.835256 644.298390 5560.000000
1073.836882 644.299524 5600.000000
1073.838414 644.300593 5640.000000
1073.839859 644.301600 5680.000000
1073.841221 644.302550 5720.000000
1073.842505 644.303446 5760.000000
1073.843716 644.304290 5800.000000
1073.844857 644.305086 5840.000000
1073.845933 644.305836 5880.000000
1073.846947 644.306543 5920.000000
1073.847903 644.307210 5960.000000
1073.848804 644.307838 6000.000000
1073.849654 644.308431 6040.000000
1073.850455 644.308989 6080.000000
1073.851210 644.309516 6120.000000
1073.851922 644.310012 6160.000000
1073.852593 644.310480 6200.000000
1073.853225 644.310922 6240.000000
1073.853822 644.311338 6280.000000
1073.854384 644.311730 6320.000000
1073.854914 644.312099 6360.000000
1073.855414 644.312448 6400.000000
1073.855885 644.312776 6440.000000
1073.856329 644.313086 6480.000000
1073.856747 644.313378 6520.000000
1073.857142 644.313653 6560.000000
1073.857514 644.313912 6600.000000
1073.857865 644.314157 6640.000000
1073.858195 644.314388 6680.000000
1073.858507 644.314605 6720.000000
1073.858801 644.314810 6760.000000
1073.859078 644.315003 6800.000000
1073.859339 644.315185 6840.000000
1073.859585 644.315357 6880.000000
1073.859817 644.315519 6920.000000
1073.860036 644.315671 6960.000000
1073.860242 644.315815 7000.000000
1073.860437 644.315951 7040.000000
1073.860620 644.316078 7080.000000
1073.860793 644.316199 7120.000000
1073.860956 644.316312 7160.000000
1073.861109 644.316420 7200.000000
1073.861254 644.316520 7240.000000
1073.861391 644.316616 7280.000000
1073.861519 644.316705 7320.000000
1073.861640 644.316790 7360.000000
1073.861755 644.316870 7400.000000
1073.861863 644.316945 7440.000000
1073.861964 644.317016 7480.000000
1073.862060 644.317083 7520.000000
1073.862150 644.317145 7560.000000
1073.862235 644.317205 7600.000000
1073.862316 644.317261 7640.000000
1073.862391 644.317314 7680.000000
1073.862463 644.317363 7720.000000
1073.862530 644.317410 7760.000000
1073.862593 644.317454 7800.000000
1073.862653 644.317496 7840.000000
1073.862709 644.317535 7880.000000
1073.862762 644.317572 7920.000000
1073.862813 644.317607 7960.000000
1073.862860 644.317640 8000.000000
1073.862904 644.317671 8040.000000
1073.862946 644.317700 8080.000000
1073.862986 644.317728 8120.000000
1073.863023 644.317754 8160.000000
1073.863058 644.317779 8200.000000
1073.863091 644.317802 8240.000000
1073.863122 644.317823 8280.000000
1073.863152 644.317844 8320.000000
1073.863180 644.317863 8360.000000
1073.863206 644.317882 8400.000000
1073.863230 644.317899 8440.000000
1073.863254 644.317915 8480.000000
1073.863276 644.317930 8520.000000
1073.863296 644.317945 8560.000000
1073.863316 644.317958 8600.000000
1073.863334 644.317971 8640.000000
1073.863351 644.317983 8680.000000
1073.863368 644.317995 8720.000000
1073.863383 644.318005 8760.000000
1073.863398 644.318015 8800.000000
1073.863411 644.318025 8840.000000
1073.863424 644.318034 8880.000000
1073.863436 644.318042 8920.000000
1073.863448 644.318050 8960.000000
1073.863459 644.318058 9000.000000
1073.863469 644.318065 9040.000000
1073.863478 644.318072 9080.000000
1073.863487 644.318078 9120.000000
1073.863496 644.318084 9160.000000
1073.863504 644.318090 9200.000000
1073.863512 644.318095 9240.000000
1073.863519 644.318100 9280.000000
1073.863526 644.318105 9320.000000
1073.863532 644.318109 9360.000000
1073.863538 644.318113 9400.000000
1073.863543 644.318117 9440.000000
1073.863549 644.318121 9480.000000
1073.863554 644.318124 9520.000000
1073.863559 644.318128 9560.000000
1073.863563 644.318131 9600.000000
1073.863567 644.318134 9640.000000
1073.863571 644.318136 9680.000000
1073.863575 644.318139 9720.000000
1073.863578 644.318141 9760.000000
1073.863582 644.318144 9800.000000
1073.863585 644.318146 9840.000000
1073.863588 644.318148 9880.000000
1073.863591 644.318150 9920.000000
1073.863593 644.318152 9960.000000
1073.863596 644.318153 10000.000000
1073.863598 644.318155 10040.000000
1073.863600 644.318157 10080.000000
1073.863602 644.318158 10120.000000
1073.863604 644.318159 10160.000000
1073.863606 644.318161 10200.000000
1073.863608 644.318162 10240.000000
1073.863609 644.318163 10280.000000
1073.863611 644.318164 10320.000000
1073.863612 644.318165 10360.000000
1073.863614 644.318166 10400.000000
1073.863615 644.318167 10440.000000
1073.863616 644.318168 10480.000000
1073.863617 644.318169 10520.000000
1073.863619 644.318169 10560.000000
1073.863620 644.318170 10600.000000
1073.863621 644.318171 10640.000000
1073.863621 644.318171 10680.000000
1073.863622 644.318172 10720.000000
1073.863623 644.318173 10760.000000
1073.863624 644.318173 10800.000000
1073.863625 644.318174 10840.000000
1073.863625 644.318174 10880.000000
1073.863626 644.318175 10920.000000
1073.863626 644.318175 10960.000000
1073.863627 644.318175 11000.000000
1073.863628 644.318176 11040.000000
1073.863628 644.318176 11080.000000
1073.863629 644.318176 11120.000000
1073.863629 644.318177 11160.000000
1073.863629 644.318177 11200.000000
1073.863630 644.318177 11240.000000
1073.863630 644.318178 11280.000000
1073.863631 644.318178 11320.000000
1073.863631 644.318178 11360.000000
1073.863631 644.318178 11400.000000
1073.863632 644.318178 11440.000000
1073.863632 644.318179 11480.000000
1073.863632 644.318179 11520.000000
1073.863632 644.318179 11560.000000
1073.863633 644.318179 11600.000000
1073.863633 644.318179 11640.000000
1073.863633 644.318179 11680.000000
1073.863633 644.318180 11720.000000
1073.863633 644.318180 11760.000000
1073.863634 644.318180 11800.000000
1073.863634 644.318180 11840.000000
1073.863634 644.318180 11880.000000
1073.863634 644.318180 11920.000000
1073.863634 644.318180 11960.000000
1073.863634 644.318180 12000.000000
1073.863634 644.318180 12040.000000
1073.863634 644.318180 12080.000000
1073.863635 644.318181 12120.000000
1073.863635 644.318181 12160.000000
1073.863635 644.318181 12200.000000
1073.863635 644.318181 12240.000000
1073.863635 644.318181 12280.000000
1073.863635 644.318181 12320.000000
1073.863635 644.318181 12360.000000
1073.863635 644.318181 12400.000000
1073.863635 644.318181 12440.000000
1073.863635 644.318181 12480.000000
1073.863635 644.318181 12520.000000
1073.863635 644.318181 12560.000000
1073.863635 644.318181 12600.000000
1073.863636 644.318181 12640.000000
1073.863636 644.318181 12680.000000
1073.863636 644.318181 12720.000000
1073.863636 644.318181 12760.000000
1073.863636 644.318181 12800.000000
1073.863636 644.318181 12840.000000
1073.863636 644.318181 12880.000000
1073.863636 644.318181 12920.000000
1073.863636 644.318181 12960.000000
1073.863636 644.318181 13000.000000
1073.863636 644.318181 13040.000000
1073.863636 644.318182 13080.000000
1073.863636 644.318182 13120.000000
1073.863636 644.318182 13160.000000
1073.863636 644.318182 13200.000000
1073.863636 644.318182 13240.000000
1073.863636 644.318182 13280.000000
1073.863636 644.318182 13320.000000
1073.863636 644.318182 13360.000000
1073.863636 644.318182 13400.000000
1073.863636 644.318182 13440.000000
1073.863636 644.318182 13480.000000
1073.863636 644.318182 13520.000000
1073.863636 644.318182 13560.000000
1073.863636 644.318182 13600.000000
1073.863636 644.318182 13640.000000
1073.863636 644.318182 13680.000000
1073.863636 644.318182 13720.000000
1073.863636 644.318182 13760.000000
1073.863636 644.318182 13800.000000
1073.863636 644.318182 13840.000000
1073.863636 644.318182 13880.000000
1073.863636 644.318182 13920.000000
1073.863636 644.318182 13960.000000
1073.863636 644.318182 14000.000000
1073.863636 644.318182 14040.000000
1073.863636 644.318182 14080.000000
1073.863636 644.318182 14120.000000
1073.863636 644.318182 14160.000000
1073.863636 644.318182 14200.000000
1073.863636 644.318182 14240.000000
1073.863636 644.318182 14280.000000
1073.863636 644.318182 14320.000000
1073.863636 644.318182 14360.000000
1073.863636 644.318182 14400.000000
1073.863636 644.318182 14440.000000
1073.863636 644.318182 14480.000000
1073.863636 644.318182 14520.000000
1073.863636 644.318182 14560.000000
1073.863636 644.318182 14600.000000
1073.863636 644.318182 14640.000000
1073.863636 644.318182 14680.000000
1073.863636 644.318182 14720.000000
1073.863636 644.318182 14760.000000
1073.863636 644.318182 14800.000000
1073.863636 644.318182 14840.000000
1073.863636 644.318182 14880.000000
1073.863636 644.318182 14920.000000
1073.863636 644.318182 14960.000000
1073.863636 644.318182 15000.000000
1073.863636 644.318182 15040.000000
1073.863636 644.318182 15080.000000
1073.863636 644.318182 15120.000000
1073.863636 644.318182 15160.000000
1073.863636 644.318182 15200.000000
1073.863636 644.318182 15240.000000
1073.863636 644.318182 15280.000000
1073.863636 644.318182 15320.000000
1073.863636 644.318182 15360.000000
1073.863636 644.318182 15400.000000
1073.863636 644.318182 15440.000000
1073.863636 644.318182 15480.000000
1073.863636 644.318182 15520.000000
1073.863636 644.318182 15560.000000
1073.863636 644.318182 15600.000000
1073.863636 644.318182 15640.000000
1073.863636 644.318182 15680.000000
1073.863636 644.318182 15720.000000
1073.863636 644.318182 15760.000000
1073.863636 644.318182 15800.000000
1073.863636 644.318182 15840.000000
1073.863636 644.318182 15880.000000
1073.863636 644.318182 15920.000000
1073.863636 644.318182 15960.000000
1073.863636 644.318182 16000.000000
1073.863636 644.318182 16040.000000
1073.863636 644.318182 16080.000000
1073.863636 644.318182 16120.000000
1073.863636 644.318182 16160.000000
1073.863636 644.318182 16200.000000
1073.863636 644.318182 16240.000000
1073.863636 644.318182 16280.000000
1073.863636 644.318182 16320.000000
1073.863636 644.318182 16360.000000
1073.863636 644.318182 16400.000000
1073.863636 644.318182 16440.000000
1073.863636 644.318182 16480.000000
1073.863636 644.318182 16520.000000
1073.863636 644.318182 16560.000000
1073.863636 644.318182 16600.000000
1073.863636 644.318182 16640.000000
1073.863636 644.318182 16680.000000
1073.863636 644.318182 16720.000000
1073.863636 644.318182 16760.000000
1073.863636 644.318182 16800.000000
1073.863636 644.318182 16840.000000
1073.863636 644.318182 16880.000000
1073.863636 644.318182 16920.000000
1073.863636 644.318182 16960.000000
1073.863636 644.318182 17000.000000
1073.863636 644.318182 17040.000000
1073.863636 644.318182 17080.000000
1073.863636 644.318182 17120.000000
1073.863636 644.318182 17160.000000
1073.863636 644.318182 17200.000000
1073.863636 644.318182 17240.000000
1073.863636 644.318182 17280.000000
1073.863636 644.318182 17320.000000
1073.863636 644.318182 17360.000000
1073.863636 644.318182 17400.000000
1073.863636 644.318182 17440.000000
1073.863636 644.318182 17480.000000
1073.863636 644.318182 17520.000000
1073.863636 644.318182 17560.000000
1073.863636 644.318182 17600.000000
1073.863636 644.318182 17640.000000
1073.863636 644.318182 17680.000000
1073.863636 644.318182 17720.000000
1073.863636 644.318182 17760.000000
1073.863636 644.318182 17800.000000
1073.863636 644.318182 17840.000000
1073.863636 644.318182 17880.000000
1073.863636 644.318182 17920.000000
1073.863636 644.318182 17960.000000
1073.863636 644.318182 18000.000000
1073.863636 644.318182 18040.000000
1073.863636 644.318182 18080.000000
1073.863636 644.318182 18120.000000
1073.863636 644.318182 18160.000000
1073.863636 644.318182 18200.000000
1073.863636 644.318182 18240.000000
1073.863636 644.318182 18280.000000
1073.863636 644.318182 18320.000000
1073.863636 644.318182 18360.000000
1073.863636 644.318182 18400.000000
1073.863636 644.318182 18440.000000
1073.863636 644.318182 18480.000000
1073.863636 644.318182 18520.000000
1073.863636 644.318182 18560.000000
1073.863636 644.318182 18600.000000
1073.863636 644.318182 18640.000000
1073.863636 644.318182 18680.000000
1073.863636 644.318182 18720.000000
1073.863636 644.318182 18760.000000
1073.863636 644.318182 18800.000000
1073.863636 644.318182 18840.000000
1073.863636 644.318182 18880.000000
1073.863636 644.318182 18920.000000
1073.863636 644.318182 18960.000000
1073.863636 644.318182 19000.000000
1073.863636 644.318182 19040.000000
1073.863636 644.318182 19080.000000
1073.863636 644.318182 19120.000000
1073.863636 644.318182 19160.000000
1073.863636 644.318182 19200.000000
1073.863636 644.318182 19240.000000
1073.863636 644.318182 19280.000000
1073.863636 644.318182 19320.000000
1073.863636 644.318182 19360.000000
1073.863636 644.318182 19400.000000
1073.863636 644.318182 19440.000000
1073.863636 644.318182 19480.000000
1073.863636 644.318182 19520.000000
1073.863636 644.318182 19560.000000
1073.863636 644.318182 19600.000000
1073.863636 644.318182 19640.000000
1073.863636 644.318182 19680.000000
1073.863636 644.318182 19720.000000
1073.863636 644.318182 19760.000000
1073.863636 644.318182 19800.000000
1073.863636 644.318182 19840.000000
1073.863636 644.318182 19880.000000
1073.863636 644.318182 19920.000000
1073.863636 644.318182 19960.000000
1073.863636 644.318182 20000.000000
1073.863636 644.318182 20040.000000
1073.863636 644.318182 20080.000000
1073.863636 644.318182 20120.000000
1073.863636 644.318182 20160.000000
1073.863636 644.318182 20200.000000
1073.863636 644.318182 20240.000000
1073.863636 644.318182 20280.000000
1073.863636 644.318182 20320.000000
1073.863636 644.318182 20360.000000
1073.863636 644.318182 20400.000000
1073.863636 644.318182 20440.000000
1073.863636 644.318182 20480.000000
1073.863636 644.318182 20520.000000
1073.863636 644.318182 20560.000000
1073.863636 644.318182 20600.000000
1073.863636 644.318182 20640.000000
1073.863636 644.318182 20680.000000
1073.863636 644.318182 20720.000000
1073.863636 644.318182 20760.000000
1073.863636 644.318182 20800.000000
1073.863636 644.318182 20840.000000
1073.863636 644.318182 20880.000000
1073.863636 644.318182 20920.000000
1073.863636 644.318182 20960.000000
1073.863636 644.318182 21000.000000
1073.863636 644.318182 21040.000000
1073.863636 644.318182 21080.000000
1073.863636 644.318182 21120.000000
1073.863636 644.318182 21160.000000
1073.863636 644.318182 21200.000000
1073.863636 644.318182 21240.000000
1073.863636 644.318182 21280.000000
1073.863636 644.318182 21320.000000
1073.863636 644.318182 21360.000000
1073.863636 644.318182 21400.000000
1073.863636 644.318182 21440.000000
1073.863636 644.318182 21480.000000
1073.863636 644.318182 21520.000000
1073.863636 644.318182 21560.000000
1073.863636 644.318182 21600.000000
1073.863636 644.318182 21640.000000
1073.863636 644.318182 21680.000000
1073.863636 644.318182 21720.000000
1073.863636 644.318182 21760.000000
1073.863636 644.318182 21800.000000
1073.863636 644.318182 21840.000000
1073.863636 644.318182 21880.000000
1073.863636 644.318182 21920.000000
1073.863636 644.318182 21960.000000
1073.863636 644.318182 22000.000000
1073.863636 644.318182 22040.000000
1073.863636 644.318182 22080.000000
1073.863636 644.318182 22120.000000
1073.863636 644.318182 22160.000000
1073.863636 644.318182 22200.000000
1073.863636 644.318182 22240.000000
1073.863636 644.318182 22280.000000
1073.863636 644.318182 22320.000000
1073.863636 644.318182 22360.000000
1073.863636 644.318182 22400.000000
1073.863636 644.318182 22440.000000
1073.863636 644.318182 22480.000000
1073.863636 644.318182 22520.000000
1073.863636 644.318182 22560.000000
1073.863636 644.318182 22600.000000
1073.863636 644.318182 22640.000000
1073.863636 644.318182 22680.000000
1073.863636 644.318182 22720.000000
1073.863636 644.318182 22760.000000
1073.863636 644.318182 22800.000000
1073.863636 644.318182 22840.000000
1073.863636 644.318182 22880.000000
1073.863636 644.318182 22920.000000
1073.863636 644.318182 22960.000000
1073.863636 644.318182 23000.000000
1073.863636 644.318182 23040.000000
1073.863636 644.318182 23080.000000
1073.863636 644.318182 23120.000000
1073.863636 644.318182 23160.000000
1073.863636 644.318182 23200.000000
1073.863636 644.318182 23240.000000
1073.863636 644.318182 23280.000000
1073.863636 644.318182 23320.000000
1073.863636 644.318182 23360.000000
1073.863636 644.318182 23400.000000
1073.863636 644.318182 23440.000000
1073.863636 644.318182 23480.000000
1073.863636 644.318182 23520.000000
1073.863636 644.318182 23560.000000
1073.863636 644.318182 23600.000000
1073.863636 644.318182 23640.000000
1073.863636 644.318182 23680.000000
1073.863636 644.318182 23720.000000
1073.863636 644.318182 23760.000000
1073.863636 644.318182 23800.000000
1073.863636 644.318182 23840.000000
1073.863636 644.318182 23880.000000
1073.863636 644.318182 23920.000000
1073.863636 644.318182 23960.000000
1073.863636 644.318182 24000.000000
1073.863636 644.318182 24040.000000
1073.863636 644.318182 24080.000000
1073.863636 644.318182 24120.000000
1073.863636 644.318182 24160.000000
1073.863636 644.318182 24200.000000
1073.863636 644.318182 24240.000000
1073.863636 644.318182 24280.000000
1073.863636 644.318182 24320.000000
1073.863636 644.318182 24360.000000
1073.863636 644.318182 24400.000000
1073.863636 644.318182 24440.000000
1073.863636 644.318182 24480.000000
1073.863636 644.318182 24520.000000
1073.863636 644.318182 24560.000000
1073.863636 644.318182 24600.000000
1073.863636 644.318182 24640.000000
1073.863636 644.318182 24680.000000
1073.863636 644.318182 24720.000000
1073.863636 644.318182 24760.000000
1073.863636 644.318182 24800.000000
1073.863636 644.318182 24840.000000
1073.863636 644.318182 24880.000000
1073.863636 644.318182 24920.000000
1073.863636 644.318182 24960.000000
1073.863636 644.318182 25000.000000
1073.863636 644.318182 25040.000000
1073.863636 644.318182 25080.000000
1073.863636 644.318182 25120.000000
1073.863636 644.318182 25160.000000
1073.863636 644.318182 25200.000000
1073.863636 644.318182 25240.000000
1073.863636 644.318182 25280.000000
1073.863636 644.318182 25320.000000
1073.863636 644.318182 25360.000000
1073.863636 644.318182 25400.000000
1073.863636 644.318182 25440.000000
1073.863636 644.318182 25480.000000
1073.863636 644.318182 25520.000000
1073.863636 644.318182 25560.000000
1073.863636 644.318182 25600.000000
1073.863636 644.318182 25640.000000
1073.863636 644.318182 25680.000000
1073.863636 644.318182 25720.000000
1073.863636 644.318182 25760.000000
1073.863636 644.318182 25800.000000
1073.863636 644.318182 25840.000000
1073.863636 644.318182 25880.000000
1073.863636 644.318182 25920.000000
1073.863636 644.318182 25960.000000
1073.863636 644.318182 26000.000000
1073.863636 644.318182 26040.000000
1073.863636 644.318182 26080.000000
1073.863636 644.318182 26120.000000
1073.863636 644.318182 26160.000000
1073.863636 644.318182 26200.000000
1073.863636 644.318182 26240.000000
1073.863636 644.318182 26280.000000
1073.863636 644.318182 26320.000000
1073.863636 644.318182 26360.000000
1073.863636 644.318182 26400.000000
1073.863636 644.318182 26440.000000
1073.863636 644.318182 26480.000000
1073.863636 644.318182 26520.000000
1073.863636 644.318182 26560.000000
1073.863636 644.318182 26600.000000
1073.863636 644.318182 26640.000000
1073.863636 644.318182 26680.000000
1073.863636 644.318182 26720.000000
1073.863636 644.318182 26760.000000
1073.863636 644.318182 26800.000000
1073.863636 644.318182 26840.000000
1073.863636 644.318182 26880.000000
1073.863636 644.318182 26920.000000
1073.863636 644.318182 26960.000000
1073.863636 644.318182 27000.000000
1073.863636 644.318182 27040.000000
1073.863636 644.318182 27080.000000
1073.863636 644.318182 27120.000000
1073.863636 644.318182 27160.000000
1073.863636 644.318182 27200.000000
1073.863636 644.318182 27240.000000
1073.863636 644.318182 27280.000000
1073.863636 644.318182 27320.000000
1073.863636 644.318182 27360.000000
1073.863636 644.318182 27400.000000
1073.863636 644.318182 27440.000000
1073.863636 644.318182 27480.000000
1073.863636 644.318182 27520.000000
1073.863636 644.318182 27560.000000
1073.863636 644.318182 27600.000000
1073.863636 644.318182 27640.000000
1073.863636 644.318182 27680.000000
1073.863636 644.318182 27720.000000
1073.863636 644.318182 27760.000000
1073.863636 644.318182 27800.000000
1073.863636 644.318182 27840.000000
1073.863636 644.318182 27880.000000
1073.863636 644.318182 27920.000000
1073.863636 644.318182 27960.000000
1073.863636 644.318182 28000.000000
1073.863636 644.318182 28040.000000
1073.863636 644.318182 28080.000000
1073.863636 644.318182 28120.000000
1073.863636 644.318182 28160.000000
1073.863636 644.318182 28200.000000
1073.863636 644.318182 28240.000000
1073.863636 644.318182 28280.000000
1073.863636 644.318182 28320.000000
1073.863636 644.318182 28360.000000
1073.863636 644.318182 28400.000000
1073.863636 644.318182 28440.000000
1073.863636 644.318182 28480.000000
1073.863636 644.318182 28520.000000
1073.863636 644.318182 28560.000000
1073.863636 644.318182 28600.000000
1073.863636 644.318182 28640.000000
1073.863636 644.318182 28680.000000
1073.863636 644.318182 28720.000000
1073.863636 644.318182 28760.000000
1073.863636 644.318182 28800.000000
1073.863636 644.318182 28840.000000
1073.863636 644.318182 28880.000000
1073.863636 644.318182 28920.000000
1073.863636 644.318182 28960.000000
1073.863636 644.318182 29000.000000
1073.863636 644.318182 29040.000000
1073.863636 644.318182 29080.000000
1073.863636 644.318182 29120.000000
1073.863636 644.318182 29160.000000
1073.863636 644.318182 29200.000000
1073.863636 644.318182 29240.000000
1073.863636 644.318182 29280.000000
1073.863636 644.318182 29320.000000
1073.863636 644.318182 29360.000000
1073.863636 644.318182 29400.000000
1073.863636 644.318182 29440.000000
1073.863636 644.318182 29480.000000
1073.863636 644.318182 29520.000000
1073.863636 644.318182 29560.000000
1073.863636 644.318182 29600.000000
1073.863636 644.318182 29640.000000
1073.863636 644.318182 29680.000000
1073.863636 644.318182 29720.000000
1073.863636 644.318182 29760.000000
1073.863636 644.318182 29800.000000
1073.863636 644.318182 29840.000000
1073.863636 644.318182 29880.000000
1073.863636 644.318182 29920.000000
1073.863636 644.318182 29960.000000
1073.863636 644.318182 30000.000000
1073.863636 644.318182 30040.000000
1073.863636 644.318182 30080.000000
1073.863636 644.318182 30120.000000
1073.863636 644.318182 30160.000000
1073.863636 644.318182 30200.000000
1073.863636 644.318182 30240.000000
1073.863636 644.318182 30280.000000
1073.863636 644.318182 30320.000000
1073.863636 644.318182 30360.000000
1073.863636 644.318182 30400.000000
1073.863636 644.318182 30440.000000
1073.863636 644.318182 30480.000000
1073.863636 644.318182 30520.000000
1073.863636 644.318182 30560.000000
1073.863636 644.318182 30600.000000
1073.863636 644.318182 30640.000000
1073.863636 644.318182 30680.000000
1073.863636 644.318182 30720.000000
1073.863636 644.318182 30760.000000
1073.863636 644.318182 30800.000000
1073.863636 644.318182 30840.000000
1073.863636 644.318182 30880.000000
1073.863636 644.318182 30920.000000
1073.863636 644.318182 30960.000000
1073.863636 644.318182 31000.000000
1073.863636 644.318182 31040.000000
1073.863636 644.318182 31080.000000
1073.863636 644.318182 31120.000000
1073.863636 644.318182 31160.000000
1073.863636 644.318182 31200.000000
1073.863636 644.318182 31240.000000
1073.863636 644.318182 31280.000000
1073.863636 644.318182 31320.000000
1073.863636 644.318182 31360.000000
1073.863636 644.318182 31400.000000
1073.863636 644.318182 31440.000000
1073.863636 644.318182 31480.000000
1073.863636 644.318182 31520.000000
1073.863636 644.318182 31560.000000
1073.863636 644.318182 31600.000000
1073.863636 644.318182 31640.000000
1073.863636 644.318182 31680.000000
1073.863636 644.318182 31720.000000
1073.863636 644.318182 31760.000000
1073.863636 644.318182 31800.000000
1073.863636 644.318182 31840.000000
1073.863636 644.318182 31880.000000
1073.863636 644.318182 31920.000000
1073.863636 644.318182 31960.000000
1073.863636 644.318182 32000.000000
1073.863636 644.318182 32040.000000
1073.863636 644.318182 32080.000000
1073.863636 644.318182 32120.000000
1073.863636 644.318182 32160.000000
1073.863636 644.318182 32200.000000
1073.863636 644.318182 32240.000000
1073.863636 644.318182 32280.000000
1073.863636 644.318182 32320.000000
1073.863636 644.318182 32360.000000
1073.863636 644.318182 32400.000000
1073.863636 644.318182 32440.000000
1073.863636 644.318182 32480.000000
1073.863636 644.318182 32520.000000
1073.863636 644.318182 32560.000000
1073.863636 644.318182 32600.000000
1073.863636 644.318182 32640.000000
1073.863636 644.318182 32680.000000
1073.863636 644.318182 32720.000000
1073.863636 644.318182 32760.000000
1073.863636 644.318182 32800.000000
1073.863636 644.318182 32840.000000
1073.863636 644.318182 32880.000000
1073.863636 644.318182 32920.000000
1073.863636 644.318182 32960.000000
1073.863636 644.318182 33000.000000
1073.863636 644.318182 33040.000000
1073.863636 644.318182 33080.000000
1073.863636 644.318182 33120.000000
1073.863636 644.318182 33160.000000
1073.863636 644.318182 33200.000000
1073.863636 644.318182 33240.000000
1073.863636 644.318182 33280.000000
1073.863636 644.318182 33320.000000
1073.863636 644.318182 33360.000000
1073.863636 644.318182 33400.000000
1073.863636 644.318182 33440.000000
1073.863636 644.318182 33480.000000
1073.863636 644.318182 33520.000000
1073.863636 644.318182 33560.000000
1073.863636 644.318182 33600.000000
1073.863636 644.318182 33640.000000
1073.863636 644.318182 33680.000000
1073.863636 644.318182 33720.000000
1073.863636 644.318182 33760.000000
1073.863636 644.318182 33800.000000
1073.863636 644.318182 33840.000000
1073.863636 644.318182 33880.000000
1073.863636 644.318182 33920.000000
1073.863636 644.318182 33960.000000
1073.863636 644.318182 34000.000000
1073.863636 644.318182 34040.000000
1073.863636 644.318182 34080.000000
1073.863636 644.318182 34120.000000
1073.863636 644.318182 34160.000000
1073.863636 644.318182 34200.000000
1073.863636 644.318182 34240.000000
1073.863636 644.318182 34280.000000
1073.863636 644.318182 34320.000000
1073.863636 644.318182 34360.000000
1073.863636 644.318182 34400.000000
1073.863636 644.318182 34440.000000
1073.863636 644.318182 34480.000000
1073.863636 644.318182 34520.000000
1073.863636 644.318182 34560.000000
1073.863636 644.318182 34600.000000
1073.863636 644.318182 34640.000000
1073.863636 644.318182 34680.000000
1073.863636 644.318182 34720.000000
1073.863636 644.318182 34760.000000
1073.863636 644.318182 34800.000000
1073.863636 644.318182 34840.000000
1073.863636 644.318182 34880.000000
1073.863636 644.318182 34920.000000
1073.863636 644.318182 34960.000000
1073.863636 644.318182 35000.000000
1073.863636 644.318182 35040.000000
1073.863636 644.318182 35080.000000
1073.863636 644.318182 35120.000000
1073.863636 644.318182 35160.000000
1073.863636 644.318182 35200.000000
1073.863636 644.318182 35240.000000
1073.863636 644.318182 35280.000000
1073.863636 644.318182 35320.000000
1073.863636 644.318182 35360.000000
1073.863636 644.318182 35400.000000
1073.863636 644.318182 35440.000000
1073.863636 644.318182 35480.000000
1073.863636 644.318182 35520.000000
1073.863636 644.318182 35560.000000
1073.863636 644.318182 35600.000000
1073.863636 644.318182 35640.000000
1073.863636 644.318182 35680.000000
1073.863636 644.318182 35720.000000
1073.863636 644.318182 35760.000000
1073.863636 644.318182 35800.000000
1073.863636 644.318182 35840.000000
1073.863636 644.318182 35880.000000
1073.863636 644.318182 35920.000000
1073.863636 644.318182 35960.000000
1073.863636 644.318182 36000.000000
1073.863636 644.318182 36040.000000
1073.863636 644.318182 36080.000000
1073.863636 644.318182 36120.000000
1073.863636 644.318182 36160.000000
1073.863636 644.318182 36200.000000
1073.863636 644.318182 36240.000000
1073.863636 644.318182 36280.000000
1073.863636 644.318182 36320.000000
1073.863636 644.318182 36360.000000
1073.863636 644.318182 36400.000000
1073.863636 644.318182 36440.000000
1073.863636 644.318182 36480.000000
1073.863636 644.318182 36520.000000
1073.863636 644.318182 36560.000000
1073.863636 644.318182 36600.000000
1073.863636 644.318182 36640.000000
1073.863636 644.318182 36680.000000
1073.863636 644.318182 36720.000000
1073.863636 644.318182 36760.000000
1073.863636 644.318182 36800.000000
1073.863636 644.318182 36840.000000
1073.863636 644.318182 36880.000000
1073.863636 644.318182 36920.000000
1073.863636 644.318182 36960.000000
1073.863636 644.318182 37000.000000
1073.863636 644.318182 37040.000000
1073.863636 644.318182 37080.000000
1073.863636 644.318182 37120.000000
1073.863636 644.318182 37160.000000
1073.863636 644.318182 37200.000000
1073.863636 644.318182 37240.000000
1073.863636 644.318182 37280.000000
1073.863636 644.318182 37320.000000
1073.863636 644.318182 37360.000000
1073.863636 644.318182 37400.000000
1073.863636 644.318182 37440.000000
1073.863636 644.318182 37480.000000
1073.863636 644.318182 37520.000000
1073.863636 644.318182 37560.000000
1073.863636 644.318182 37600.000000
1073.863636 644.318182 37640.000000
1073.863636 644.318182 37680.000000
1073.863636 644.318182 37720.000000
1073.863636 644.318182 37760.000000
1073.863636 644.318182 37800.000000
1073.863636 644.318182 37840.000000
1073.863636 644.318182 37880.000000
1073.863636 644.318182 37920.000000
1073.863636 644.318182 37960.000000
1073.863636 644.318182 38000.000000
1073.863636 644.318182 38040.000000
1073.863636 644.318182 38080.000000
1073.863636 644.318182 38120.000000
1073.863636 644.318182 38160.000000
1073.863636 644.318182 38200.000000
1073.863636 644.318182 38240.000000
1073.863636 644.318182 38280.000000
1073.863636 644.318182 38320.000000
1073.863636 644.318182 38360.000000
1073.863636 644.318182 38400.000000
1073.863636 644.318182 38440.000000
1073.863636 644.318182 38480.000000
1073.863636 644.318182 38520.000000
1073.863636 644.318182 38560.000000
1073.863636 644.318182 38600.000000
1073.863636 644.318182 38640.000000
1073.863636 644.318182 38680.000000
1073.863636 644.318182 38720.000000
1073.863636 644.318182 38760.000000
1073.863636 644.318182 38800.000000
1073.863636 644.318182 38840.000000
1073.863636 644.318182 38880.000000
1073.863636 644.318182 38920.000000
1073.863636 644.318182 38960.000000
1073.863636 644.318182 39000.000000
1073.863636 644.318182 39040.000000
1073.863636 644.318182 39080.000000
1073.863636 644.318182 39120.000000
1073.863636 644.318182 39160.000000
1073.863636 644.318182 39200.000000
1073.863636 644.318182 39240.000000
1073.863636 644.318182 39280.000000
1073.863636 644.318182 39320.000000
1073.863636 644.318182 39360.000000
1073.863636 644.318182 39400.000000
1073.863636 644.318182 39440.000000
1073.863636 644.318182 39480.000000
1073.863636 644.318182 39520.000000
1073.863636 644.318182 39560.000000
1073.863636 644.318182 39600.000000
1073.863636 644.318182 39640.000000
1073.863636 644.318182 39680.000000
1073.863636 644.318182 39720.000000
1073.863636 644.318182 39760.000000
1073.863636 644.318182 39800.000000
1073.863636 644.318182 39840.000000
1073.863636 644.318182 39880.000000
1073.863636 644.318182 39920.000000
1073.863636 644.318182 39960.000000
1073.863636 644.318182 40000.000000
1073.863636 644.318182 40040.000000
1073.863636 644.318182 40080.000000
1073.863636 644.318182 40120.000000
1073.863636 644.318182 40160.000000
1073.863636 644.318182 40200.000000
1073.863636 644.318182 40240.000000
1073.863636 644.318182 40280.000000
1073.863636 644.318182 40320.000000
1073.863636 644.318182 40360.000000
1073.863636 644.318182 40400.000000
1073.863636 644.318182 40440.000000
1073.863636 644.318182 40480.000000
1073.863636 644.318182 40520.000000
1073.863636 644.318182 40560.000000
1073.863636 644.318182 40600.000000
1073.863636 644.318182 40640.000000
1073.863636 644.318182 40680.000000
1073.863636 644.318182 40720.000000
1073.863636 644.318182 40760.000000
1073.863636 644.318182 40800.000000
1073.863636 644.318182 40840.000000
1073.863636 644.318182 40880.000000
1073.863636 644.318182 40920.000000
1073.863636 644.318182 40960.000000
1073.863636 644.318182 41000.000000
1073.863636 644.318182 41040.000000
1073.863636 644.318182 41080.000000
1073.863636 644.318182 41120.000000
1073.863636 644.318182 41160.000000
1073.863636 644.318182 41200.000000
1073.863636 644.318182 41240.000000
1073.863636 644.318182 41280.000000
1073.863636 644.318182 41320.000000
1073.863636 644.318182 41360.000000
1073.863636 644.318182 41400.000000
1073.863636 644.318182 41440.000000
1073.863636 644.318182 41480.000000
1073.863636 644.318182 41520.000000
1073.863636 644.318182 41560.000000
1073.863636 644.318182 41600.000000
1073.863636 644.318182 41640.000000
1073.863636 644.318182 41680.000000
1073.863636 644.318182 41720.000000
1073.863636 644.318182 41760.000000
1073.863636 644.318182 41800.000000
1073.863636 644.318182 41840.000000
1073.863636 644.318182 41880.000000
1073.863636 644.318182 41920.000000
1073.863636 644.318182 41960.000000
1073.863636 644.318182 42000.000000
1073.863636 644.318182 42040.000000
1073.863636 644.318182 42080.000000
1073.863636 644.318182 42120.000000
1073.863636 644.318182 42160.000000
1073.863636 644.318182 42200.000000
1073.863636 644.318182 42240.000000
1073.863636 644.318182 42280.000000
1073.863636 644.318182 42320.000000
1073.863636 644.318182 42360.000000
1073.863636 644.318182 42400.000000
1073.863636 644.318182 42440.000000
1073.863636 644.318182 42480.000000
1073.863636 644.318182 42520.000000
1073.863636 644.318182 42560.000000
1073.863636 644.318182 42600.000000
1073.863636 644.318182 42640.000000
1073.863636 644.318182 42680.000000
1073.863636 644.318182 42720.000000
1073.863636 644.318182 42760.000000
1073.863636 644.318182 42800.000000
1073.863636 644.318182 42840.000000
1073.863636 644.318182 42880.000000
1073.863636 644.318182 42920.000000
1073.863636 644.318182 42960.000000
1073.863636 644.318182 43000.000000
1073.863636 644.318182 43040.000000
1073.863636 644.318182 43080.000000
1073.863636 644.318182 43120.000000
1073.863636 644.318182 43160.000000
1073.863636 644.318182 43200.000000
1073.863636 644.318182 43240.000000
1073.863636 644.318182 43280.000000
1073.863636 644.318182 43320.000000
1073.863636 644.318182 43360.000000
1073.863636 644.318182 43400.000000
1073.863636 644.318182 43440.000000
1073.863636 644.318182 43480.000000
1073.863636 644.318182 43520.000000
1073.863636 644.318182 43560.000000
1073.863636 644.318182 43600.000000
1073.863636 644.318182 43640.000000
1073.863636 644.318182 43680.000000
1073.863636 644.318182 43720.000000
1073.863636 644.318182 43760.000000
1073.863636 644.318182 43800.000000
1073.863636 644.318182 43840.000000
1073.863636 644.318182 43880.000000
1073.863636 644.318182 43920.000000
1073.863636 644.318182 43960.000000
1073.863636 644.318182 44000.000000
1073.863636 644.318182 44040.000000
1073.863636 644.318182 44080.000000
1073.863636 644.318182 44120.000000
1073.863636 644.318182 44160.000000
1073.863636 644.318182 44200.000000
1073.863636 644.318182 44240.000000
1073.863636 644.318182 44280.000000
1073.863636 644.318182 44320.000000
1073.863636 644.318182 44360.000000
1073.863636 644.318182 44400.000000
1073.863636 644.318182 44440.000000
1073.863636 644.318182 44480.000000
1073.863636 644.318182 44520.000000
1073.863636 644.318182 44560.000000
1073.863636 644.318182 44600.000000
1073.863636 644.318182 44640.000000
1073.863636 644.318182 44680.000000
1073.863636 644.318182 44720.000000
1073.863636 644.318182 44760.000000
1073.863636 644.318182 44800.000000
1073.863636 644.318182 44840.000000
1073.863636 644.318182 44880.000000
1073.863636 644.318182 44920.000000
1073.863636 644.318182 44960.000000
1073.863636 644.318182 45000.000000
1073.863636 644.318182 45040.000000
1073.863636 644.318182 45080.000000
1073.863636 644.318182 45120.000000
1073.863636 644.318182 45160.000000
1073.863636 644.318182 45200.000000
1073.863636 644.318182 45240.000000
1073.863636 644.318182 45280.000000
1073.863636 644.318182 45320.000000
1073.863636 644.318182 45360.000000
1073.863636 644.318182 45400.000000
1073.863636 644.318182 45440.000000
1073.863636 644.318182 45480.000000
1073.863636 644.318182 45520.000000
1073.863636 644.318182 45560.000000
1073.863636 644.318182 45600.000000
1073.863636 644.318182 45640.000000
1073.863636 644.318182 45680.000000
1073.863636 644.318182 45720.000000
1073.863636 644.318182 45760.000000
1073.863636 644.318182 45800.000000
1073.863636 644.318182 45840.000000
1073.863636 644.318182 45880.000000
1073.863636 644.318182 45920.000000
1073.863636 644.318182 45960.000000
1073.863636 644.318182 46000.000000
1073.863636 644.318182 46040.000000
1073.863636 644.318182 46080.000000
1073.863636 644.318182 46120.000000
1073.863636 644.318182 46160.000000
1073.863636 644.318182 46200.000000
1073.863636 644.318182 46240.000000
1073.863636 644.318182 46280.000000
1073.863636 644.318182 46320.000000
1073.863636 644.318182 46360.000000
1073.863636 644.318182 46400.000000
1073.863636 644.318182 46440.000000
1073.863636 644.318182 46480.000000
1073.863636 644.318182 46520.000000
1073.863636 644.318182 46560.000000
1073.863636 644.318182 46600.000000
1073.863636 644.318182 46640.000000
1073.863636 644.318182 46680.000000
1073.863636 644.318182 46720.000000
1073.863636 644.318182 46760.000000
1073.863636 644.318182 46800.000000
1073.863636 644.318182 46840.000000
1073.863636 644.318182 46880.000000
1073.863636 644.318182 46920.000000
1073.863636 644.318182 46960.000000
1073.863636 644.318182 47000.000000
1073.863636 644.318182 47040.000000
1073.863636 644.318182 47080.000000
1073.863636 644.318182 47120.000000
1073.863636 644.318182 47160.000000
1073.863636 644.318182 47200.000000
1073.863636 644.318182 47240.000000
1073.863636 644.318182 47280.000000
1073.863636 644.318182 47320.000000
1073.863636 644.318182 47360.000000
1073.863636 644.318182 47400.000000
1073.863636 644.318182 47440.000000
1073.863636 644.318182 47480.000000
1073.863636 644.318182 47520.000000
1073.863636 644.318182 47560.000000
1073.863636 644.318182 47600.000000
1073.863636 644.318182 47640.000000
1073.863636 644.318182 47680.000000
1073.863636 644.318182 47720.000000
1073.863636 644.318182 47760.000000
1073.863636 644.318182 47800.000000
1073.863636 644.318182 47840.000000
1073.863636 644.318182 47880.000000
1073.863636 644.318182 47920.000000
1073.863636 644.318182 47960.000000
1073.863636 644.318182 48000.000000
1073.863636 644.318182 48040.000000
1073.863636 644.318182 48080.000000
1073.863636 644.318182 48120.000000
1073.863636 644.318182 48160.000000
1073.863636 644.318182 48200.000000
1073.863636 644.318182 48240.000000
1073.863636 644.318182 48280.000000
1073.863636 644.318182 48320.000000
1073.863636 644.318182 48360.000000
1073.863636 644.318182 48400.000000
1073.863636 644.318182 48440.000000
1073.863636 644.318182 48480.000000
1073.863636 644.318182 48520.000000
1073.863636 644.318182 48560.000000
1073.863636 644.318182 48600.000000
1073.863636 644.318182 48640.000000
1073.863636 644.318182 48680.000000
1073.863636 644.318182 48720.000000
1073.863636 644.318182 48760.000000
1073.863636 644.318182 48800.000000
1073.863636 644.318182 48840.000000
1073.863636 644.318182 48880.000000
1073.863636 644.318182 48920.000000
1073.863636 644.318182 48960.000000
1073.863636 644.318182 49000.000000
1073.863636 644.318182 49040.000000
1073.863636 644.318182 49080.000000
1073.863636 644.318182 49120.000000
1073.863636 644.318182 49160.000000
1073.863636 644.318182 49200.000000
1073.863636 644.318182 49240.000000
1073.863636 644.318182 49280.000000
1073.863636 644.318182 49320.000000
1073.863636 644.318182 49360.000000
1073.863636 644.318182 49400.000000
1073.863636 644.318182 49440.000000
1073.863636 644.318182 49480.000000
1073.863636 644.318182 49520.000000
1073.863636 644.318182 49560.000000
1073.863636 644.318182 49600.000000
1073.863636 644.318182 49640.000000
1073.863636 644.318182 49680.000000
1073.863636 644.318182 49720.000000
1073.863636 644.318182 49760.000000
1073.863636 644.318182 49800.000000
1073.863636 644.318182 49840.000000
1073.863636 644.318182 49880.000000
1073.863636 644.318182 49920.000000
1073.863636 644.318182 49960.000000
1073.863636 644.318182 50000.000000
1073.863636 644.318182 50040.000000
1073.863636 644.318182 50080.000000
1073.863636 644.318182 50120.000000
1073.863636 644.318182 50160.000000
1073.863636 644.318182 50200.000000
1073.863636 644.318182 50240.000000
1073.863636 644.318182 50280.000000
1073.863636 644.318182 50320.000000
1073.863636 644.318182 50360.000000
1073.863636 644.318182 50400.000000
1073.863636 644.318182 50440.000000
1073.863636 644.318182 50480.000000
1073.863636 644.318182 50520.000000
1073.863636 644.318182 50560.000000
1073.863636 644.318182 50600.000000
1073.863636 644.318182 50640.000000
1073.863636 644.318182 50680.000000
1073.863636 644.318182 50720.000000
1073.863636 644.318182 50760.000000
1073.863636 644.318182 50800.000000
1073.863636 644.318182 50840.000000
1073.863636 644.318182 50880.000000
1073.863636 644.318182 50920.000000
1073.863636 644.318182 50960.000000
1073.863636 644.318182 51000.000000
1073.863636 644.318182 51040.000000
1073.863636 644.318182 51080.000000
1073.863636 644.318182 51120.000000
1073.863636 644.318182 51160.000000
1073.863636 644.318182 51200.000000
1073.863636 644.318182 51240.000000
1073.863636 644.318182 51280.000000
1073.863636 644.318182 51320.000000
1073.863636 644.318182 51360.000000
1073.863636 644.318182 51400.000000
1073.863636 644.318182 51440.000000
1073.863636 644.318182 51480.000000
1073.863636 644.318182 51520.000000
1073.863636 644.318182 51560.000000
1073.863636 644.318182 51600.000000
1073.863636 644.318182 51640.000000
1073.863636 644.318182 51680.000000
1073.863636 644.318182 51720.000000
1073.863636 644.318182 51760.000000
1073.863636 644.318182 51800.000000
1073.863636 644.318182 51840.000000
1073.863636 644.318182 51880.000000
1073.863636 644.318182 51920.000000
1073.863636 644.318182 51960.000000
1073.863636 644.318182 52000.000000
1073.863636 644.318182 52040.000000
1073.863636 644.318182 52080.000000
1073.863636 644.318182 52120.000000
1073.863636 644.318182 52160.000000
1073.863636 644.318182 52200.000000
1073.863636 644.318182 52240.000000
1073.863636 644.318182 52280.000000
1073.863636 644.318182 52320.000000
1073.863636 644.318182 52360.000000
1073.863636 644.318182 52400.000000
1073.863636 644.318182 52440.000000
1073.863636 644.318182 52480.000000
1073.863636 644.318182 52520.000000
1073.863636 644.318182 52560.000000
1073.863636 644.318182 52600.000000
1073.863636 644.318182 52640.000000
1073.863636 644.318182 52680.000000
1073.863636 644.318182 52720.000000
1073.863636 644.318182 52760.000000
1073.863636 644.318182 52800.000000
1073.863636 644.318182 52840.000000
1073.863636 644.318182 52880.000000
1073.863636 644.318182 52920.000000
1073.863636 644.318182 52960.000000
1073.863636 644.318182 53000.000000
1073.863636 644.318182 53040.000000
1073.863636 644.318182 53080.000000
1073.863636 644.318182 53120.000000
1073.863636 644.318182 53160.000000
1073.863636 644.318182 53200.000000
1073.863636 644.318182 53240.000000
1073.863636 644.318182 53280.000000
1073.863636 644.318182 53320.000000
1073.863636 644.318182 53360.000000
1073.863636 644.318182 53400.000000
1073.863636 644.318182 53440.000000
1073.863636 644.318182 53480.000000
1073.863636 644.318182 53520.000000
1073.863636 644.318182 53560.000000
1073.863636 644.318182 53600.000000
1073.863636 644.318182 53640.000000
1073.863636 644.318182 53680.000000
1073.863636 644.318182 53720.000000
1073.863636 644.318182 53760.000000
1073.863636 644.318182 53800.000000
1073.863636 644.318182 53840.000000
1073.863636 644.318182 53880.000000
1073.863636 644.318182 53920.000000
1073.863636 644.318182 53960.000000
1073.863636 644.318182 54000.000000
1073.863636 644.318182 54040.000000
1073.863636 644.318182 54080.000000
1073.863636 644.318182 54120.000000
1073.863636 644.318182 54160.000000
1073.863636 644.318182 54200.000000
1073.863636 644.318182 54240.000000
1073.863636 644.318182 54280.000000
1073.863636 644.318182 54320.000000
1073.863636 644.318182 54360.000000
1073.863636 644.318182 54400.000000
1073.863636 644.318182 54440.000000
1073.863636 644.318182 54480.000000
1073.863636 644.318182 54520.000000
1073.863636 644.318182 54560.000000
1073.863636 644.318182 54600.000000
1073.863636 644.318182 54640.000000
1073.863636 644.318182 54680.000000
1073.863636 644.318182 54720.000000
1073.863636 644.318182 54760.000000
1073.863636 644.318182 54800.000000
1073.863636 644.318182 54840.000000
1073.863636 644.318182 54880.000000
1073.863636 644.318182 54920.000000
1073.863636 644.318182 54960.000000
1073.863636 644.318182 55000.000000
1073.863636 644.318182 55040.000000
1073.863636 644.318182 55080.000000
1073.863636 644.318182 55120.000000
1073.863636 644.318182 55160.000000
1073.863636 644.318182 55200.000000
1073.863636 644.318182 55240.000000
1073.863636 644.318182 55280.000000
1073.863636 644.318182 55320.000000
1073.863636 644.318182 55360.000000
1073.863636 644.318182 55400.000000
1073.863636 644.318182 55440.000000
1073.863636 644.318182 55480.000000
1073.863636 644.318182 55520.000000
1073.863636 644.318182 55560.000000
1073.863636 644.318182 55600.000000
1073.863636 644.318182 55640.000000
1073.863636 644.318182 55680.000000
1073.863636 644.318182 55720.000000
1073.863636 644.318182 55760.000000
1073.863636 644.318182 55800.000000
1073.863636 644.318182 55840.000000
1073.863636 644.318182 55880.000000
1073.863636 644.318182 55920.000000
1073.863636 644.318182 55960.000000
1073.863636 644.318182 56000.000000
1073.863636 644.318182 56040.000000
1073.863636 644.318182 56080.000000
1073.863636 644.318182 56120.000000
1073.863636 644.318182 56160.000000
1073.863636 644.318182 56200.000000
1073.863636 644.318182 56240.000000
1073.863636 644.318182 56280.000000
1073.863636 644.318182 56320.000000
1073.863636 644.318182 56360.000000
1073.863636 644.318182 56400.000000
1073.863636 644.318182 56440.000000
1073.863636 644.318182 56480.000000
1073.863636 644.318182 56520.000000
1073.863636 644.318182 56560.000000
1073.863636 644.318182 56600.000000
1073.863636 644.318182 56640.000000
1073.863636 644.318182 56680.000000
1073.863636 644.318182 56720.000000
1073.863636 644.318182 56760.000000
1073.863636 644.318182 56800.000000
1073.863636 644.318182 56840.000000
1073.863636 644.318182 56880.000000
1073.863636 644.318182 56920.000000
1073.863636 644.318182 56960.000000
1073.863636 644.318182 57000.000000
1073.863636 644.318182 57040.000000
1073.863636 644.318182 57080.000000
1073.863636 644.318182 57120.000000
1073.863636 644.318182 57160.000000
1073.863636 644.318182 57200.000000
1073.863636 644.318182 57240.000000
1073.863636 644.318182 57280.000000
1073.863636 644.318182 57320.000000
1073.863636 644.318182 57360.000000
1073.863636 644.318182 57400.000000
1073.863636 644.318182 57440.000000
1073.863636 644.318182 57480.000000
1073.863636 644.318182 57520.000000
1073.863636 644.318182 57560.000000
1073.863636 644.318182 57600.000000
1073.863636 644.318182 57640.000000
1073.863636 644.318182 57680.000000
1073.863636 644.318182 57720.000000
1073.863636 644.318182 57760.000000
1073.863636 644.318182 57800.000000
1073.863636 644.318182 57840.000000
1073.863636 644.318182 57880.000000
1073.863636 644.318182 57920.000000
1073.863636 644.318182 57960.000000
1073.863636 644.318182 58000.000000
1073.863636 644.318182 58040.000000
1073.863636 644.318182 58080.000000
1073.863636 644.318182 58120.000000
1073.863636 644.318182 58160.000000
1073.863636 644.318182 58200.000000
1073.863636 644.318182 58240.000000
1073.863636 644.318182 58280.000000
1073.863636 644.318182 58320.000000
1073.863636 644.318182 58360.000000
1073.863636 644.318182 58400.000000
1073.863636 644.318182 58440.000000
1073.863636 644.318182 58480.000000
1073.863636 644.318182 58520.000000
1073.863636 644.318182 58560.000000
1073.863636 644.318182 58600.000000
1073.863636 644.318182 58640.000000
1073.863636 644.318182 58680.000000
1073.863636 644.318182 58720.000000
1073.863636 644.318182 58760.000000
1073.863636 644.318182 58800.000000
1073.863636 644.318182 58840.000000
1073.863636 644.318182 58880.000000
1073.863636 644.318182 58920.000000
1073.863636 644.318182 58960.000000
1073.863636 644.318182 59000.000000
1073.863636 644.318182 59040.000000
1073.863636 644.318182 59080.000000
1073.863636 644.318182 59120.000000
1073.863636 644.318182 59160.000000
1073.863636 644.318182 59200.000000
1073.863636 644.318182 59240.000000
1073.863636 644.318182 59280.000000
1073.863636 644.318182 59320.000000
1073.863636 644.318182 59360.000000
1073.863636 644.318182 59400.000000
1073.863636 644.318182 59440.000000
1073.863636 644.318182 59480.000000
1073.863636 644.318182 59520.000000
1073.863636 644.318182 59560.000000
1073.863636 644.318182 59600.000000
1073.863636 644.318182 59640.000000
1073.863636 644.318182 59680.000000
1073.863636 644.318182 59720.000000
1073.863636 644.318182 59760.000000
1073.863636 644.318182 59800.000000
1073.863636 644.318182 59840.000000
1073.863636 644.318182 59880.000000
1073.863636 644.318182 59920.000000
1073.863636 644.318182 59960.000000
1073.863636 644.318182 60000.000000
1073.863636 644.318182 60040.000000
1073.863636 644.318182 60080.000000
1073.863636 644.318182 60120.000000
1073.863636 644.318182 60160.000000
1073.863636 644.318182 60200.000000
1073.863636 644.318182 60240.000000
1073.863636 644.318182 60280.000000
1073.863636 644.318182 60320.000000
1073.863636 644.318182 60360.000000
1073.863636 644.318182 60400.000000
1073.863636 644.318182 60440.000000
1073.863636 644.318182 60480.000000
1073.863636 644.318182 60520.000000
1073.863636 644.318182 60560.000000
1073.863636 644.318182 60600.000000
1073.863636 644.318182 60640.000000
1073.863636 644.318182 60680.000000
1073.863636 644.318182 60720.000000
1073.863636 644.318182 60760.000000
1073.863636 644.318182 60800.000000
1073.863636 644.318182 60840.000000
1073.863636 644.318182 60880.000000
1073.863636 644.318182 60920.000000
1073.863636 644.318182 60960.000000
1073.863636 644.318182 61000.000000
1073.863636 644.318182 61040.000000
1073.863636 644.318182 61080.000000
1073.863636 644.318182 61120.000000
1073.863636 644.318182 61160.000000
1073.863636 644.318182 61200.000000
1073.863636 644.318182 61240.000000
1073.863636 644.318182 61280.000000
1073.863636 644.318182 61320.000000
1073.863636 644.318182 61360.000000
1073.863636 644.318182 61400.000000
1073.863636 644.318182 61440.000000
1073.863636 644.318182 61480.000000
1073.863636 644.318182 61520.000000
1073.863636 644.318182 61560.000000
1073.863636 644.318182 61600.000000
1073.863636 644.318182 61640.000000
1073.863636 644.318182 61680.000000
1073.863636 644.318182 61720.000000
1073.863636 644.318182 61760.000000
1073.863636 644.318182 61800.000000
1073.863636 644.318182 61840.000000
1073.863636 644.318182 61880.000000
1073.863636 644.318182 61920.000000
1073.863636 644.318182 61960.000000
1073.863636 644.318182 62000.000000
1073.863636 644.318182 62040.000000
1073.863636 644.318182 62080.000000
1073.863636 644.318182 62120.000000
1073.863636 644.318182 62160.000000
1073.863636 644.318182 62200.000000
1073.863636 644.318182 62240.000000
1073.863636 644.318182 62280.000000
1073.863636 644.318182 62320.000000
1073.863636 644.318182 62360.000000
1073.863636 644.318182 62400.000000
1073.863636 644.318182 62440.000000
1073.863636 644.318182 62480.000000
1073.863636 644.318182 62520.000000
1073.863636 644.318182 62560.000000
1073.863636 644.318182 62600.000000
1073.863636 644.318182 62640.000000
1073.863636 644.318182 62680.000000
1073.863636 644.318182 62720.000000
1073.863636 644.318182 62760.000000
1073.863636 644.318182 62800.000000
1073.863636 644.318182 62840.000000
1073.863636 644.318182 62880.000000
1073.863636 644.318182 62920.000000
1073.863636 644.318182 62960.000000
1073.863636 644.318182 63000.000000
1073.863636 644.318182 63040.000000
1073.863636 644.318182 63080.000000
1073.863636 644.318182 63120.000000
1073.863636 644.318182 63160.000000
1073.863636 644.318182 63200.000000
1073.863636 644.318182 63240.000000
1073.863636 644.318182 63280.000000
1073.863636 644.318182 63320.000000
1073.863636 644.318182 63360.000000
1073.863636 644.318182 63400.000000
1073.863636 644.318182 63440.000000
1073.863636 644.318182 63480.000000
1073.863636 644.318182 63520.000000
1073.863636 644.318182 63560.000000
1073.863636 644.318182 63600.000000
1073.863636 644.318182 63640.000000
1073.863636 644.318182 63680.000000
1073.863636 644.318182 63720.000000
1073.863636 644.318182 63760.000000
1073.863636 644.318182 63800.000000
1073.863636 644.318182 63840.000000
1073.863636 644.318182 63880.000000
1073.863636 644.318182 63920.000000
1073.863636 644.318182 63960.000000
1073.863636 644.318182 64000.000000
1073.863636 644.318182 64040.000000
1073.863636 644.318182 64080.000000
1073.863636 644.318182 64120.000000
1073.863636 644.318182 64160.000000
1073.863636 644.318182 64200.000000
1073.863636 644.318182 64240.000000
1073.863636 644.318182 64280.000000
1073.863636 644.318182 64320.000000
1073.863636 644.318182 64360.000000
1073.863636 644.318182 64400.000000
1073.863636 644.318182 64440.000000
1073.863636 644.318182 64480.000000
1073.863636 644.318182 64520.000000
1073.863636 644.318182 64560.000000
1073.863636 644.318182 64600.000000
1073.863636 644.318182 64640.000000
1073.863636 644.318182 64680.000000
1073.863636 644.318182 64720.000000
1073.863636 644.318182 64760.000000
1073.863636 644.318182 64800.000000
1073.863636 644.318182 64840.000000
1073.863636 644.318182 64880.000000
1073.863636 644.318182 64920.000000
1073.863636 644.318182 64960.000000
1073.863636 644.318182 65000.000000
1073.863636 644.318182 65040.000000
1073.863636 644.318182 65080.000000
1073.863636 644.318182 65120.000000
1073.863636 644.318182 65160.000000
1073.863636 644.318182 65200.000000
1073.863636 644.318182 65240.000000
1073.863636 644.318182 65280.000000
1073.863636 644.318182 65320.000000
1073.863636 644.318182 65360.000000
1073.863636 644.318182 65400.000000
1073.863636 644.318182 65440.000000
1073.863636 644.318182 65480.000000
1073.863636 644.318182 65520.000000
1073.863636 644.318182 65560.000000
1073.863636 644.318182 65600.000000
1073.863636 644.318182 65640.000000
1073.863636 644.318182 65680.000000
1073.863636 644.318182 65720.000000
1073.863636 644.318182 65760.000000
1073.863636 644.318182 65800.000000
1073.863636 644.318182 65840.000000
1073.863636 644.318182 65880.000000
1073.863636 644.318182 65920.000000
1073.863636 644.318182 65960.000000
1073.863636 644.318182 66000.000000
1073.863636 644.318182 66040.000000
1073.863636 644.318182 66080.000000
1073.863636 644.318182 66120.000000
1073.863636 644.318182 66160.000000
1073.863636 644.318182 66200.000000
1073.863636 644.318182 66240.000000
1073.863636 644.318182 66280.000000
1073.863636 644.318182 66320.000000
1073.863636 644.318182 66360.000000
1073.863636 644.318182 66400.000000
1073.863636 644.318182 66440.000000
1073.863636 644.318182 66480.000000
1073.863636 644.318182 66520.000000
1073.863636 644.318182 66560.000000
1073.863636 644.318182 66600.000000
1073.863636 644.318182 66640.000000
1073.863636 644.318182 66680.000000
1073.863636 644.318182 66720.000000
1073.863636 644.318182 66760.000000
1073.863636 644.318182 66800.000000
1073.863636 644.318182 66840.000000
1073.863636 644.318182 66880.000000
1073.863636 644.318182 66920.000000
1073.863636 644.318182 66960.000000
1073.863636 644.318182 67000.000000
1073.863636 644.318182 67040.000000
1073.863636 644.318182 67080.000000
1073.863636 644.318182 67120.000000
1073.863636 644.318182 67160.000000
1073.863636 644.318182 67200.000000
1073.863636 644.318182 67240.000000
1073.863636 644.318182 67280.000000
1073.863636 644.318182 67320.000000
1073.863636 644.318182 67360.000000
1073.863636 644.318182 67400.000000
1073.863636 644.318182 67440.000000
1073.863636 644.318182 67480.000000
1073.863636 644.318182 67520.000000
1073.863636 644.318182 67560.000000
1073.863636 644.318182 67600.000000
1073.863636 644.318182 67640.000000
1073.863636 644.318182 67680.000000
1073.863636 644.318182 67720.000000
1073.863636 644.318182 67760.000000
1073.863636 644.318182 67800.000000
1073.863636 644.318182 67840.000000
1073.863636 644.318182 67880.000000
1073.863636 644.318182 67920.000000
1073.863636 644.318182 67960.000000
1073.863636 644.318182 68000.000000
1073.863636 644.318182 68040.000000
1073.863636 644.318182 68080.000000
1073.863636 644.318182 68120.000000
1073.863636 644.318182 68160.000000
1073.863636 644.318182 68200.000000
1073.863636 644.318182 68240.000000
1073.863636 644.318182 68280.000000
1073.863636 644.318182 68320.000000
1073.863636 644.318182 68360.000000
1073.863636 644.318182 68400.000000
1073.863636 644.318182 68440.000000
1073.863636 644.318182 68480.000000
1073.863636 644.318182 68520.000000
1073.863636 644.318182 68560.000000
1073.863636 644.318182 68600.000000
1073.863636 644.318182 68640.000000
1073.863636 644.318182 68680.000000
1073.863636 644.318182 68720.000000
1073.863636 644.318182 68760.000000
1073.863636 644.318182 68800.000000
1073.863636 644.318182 68840.000000
1073.863636 644.318182 68880.000000
1073.863636 644.318182 68920.000000
1073.863636 644.318182 68960.000000
1073.863636 644.318182 69000.000000
1073.863636 644.318182 69040.000000
1073.863636 644.318182 69080.000000
1073.863636 644.318182 69120.000000
1073.863636 644.318182 69160.000000
1073.863636 644.318182 69200.000000
1073.863636 644.318182 69240.000000
1073.863636 644.318182 69280.000000
1073.863636 644.318182 69320.000000
1073.863636 644.318182 69360.000000
1073.863636 644.318182 69400.000000
1073.863636 644.318182 69440.000000
1073.863636 644.318182 69480.000000
1073.863636 644.318182 69520.000000
1073.863636 644.318182 69560.000000
1073.863636 644.318182 69600.000000
1073.863636 644.318182 69640.000000
1073.863636 644.318182 69680.000000
1073.863636 644.318182 69720.000000
1073.863636 644.318182 69760.000000
1073.863636 644.318182 69800.000000
1073.863636 644.318182 69840.000000
1073.863636 644.318182 69880.000000
1073.863636 644.318182 69920.000000
1073.863636 644.318182 69960.000000
1073.863636 644.318182 70000.000000
1073.863636 644.318182 70040.000000
1073.863636 644.318182 70080.000000
1073.863636 644.318182 70120.000000
1073.863636 644.318182 70160.000000
1073.863636 644.318182 70200.000000
1073.863636 644.318182 70240.000000
1073.863636 644.318182 70280.000000
1073.863636 644.318182 70320.000000
1073.863636 644.318182 70360.000000
1073.863636 644.318182 70400.000000
1073.863636 644.318182 70440.000000
1073.863636 644.318182 70480.000000
1073.863636 644.318182 70520.000000
1073.863636 644.318182 70560.000000
1073.863636 644.318182 70600.000000
1073.863636 644.318182 70640.000000
1073.863636 644.318182 70680.000000
1073.863636 644.318182 70720.000000
1073.863636 644.318182 70760.000000
1073.863636 644.318182 70800.000000
1073.863636 644.318182 70840.000000
1073.863636 644.318182 70880.000000
1073.863636 644.318182 70920.000000
1073.863636 644.318182 70960.000000
1073.863636 644.318182 71000.000000
1073.863636 644.318182 71040.000000
1073.863636 644.318182 71080.000000
1073.863636 644.318182 71120.000000
1073.863636 644.318182 71160.000000
1073.863636 644.318182 71200.000000
1073.863636 644.318182 71240.000000
1073.863636 644.318182 71280.000000
1073.863636 644.318182 71320.000000
1073.863636 644.318182 71360.000000
1073.863636 644.318182 71400.000000
1073.863636 644.318182 71440.000000
1073.863636 644.318182 71480.000000
1073.863636 644.318182 71520.000000
1073.863636 644.318182 71560.000000
1073.863636 644.318182 71600.000000
1073.863636 644.318182 71640.000000
1073.863636 644.318182 71680.000000
1073.863636 644.318182 71720.000000
1073.863636 644.318182 71760.000000
1073.863636 644.318182 71800.000000
1073.863636 644.318182 71840.000000
1073.863636 644.318182 71880.000000
1073.863636 644.318182 71920.000000
1073.863636 644.318182 71960.000000
1073.863636 644.318182 72000.000000
1073.863636 644.318182 72040.000000
1073.863636 644.318182 72080.000000
1073.863636 644.318182 72120.000000
1073.863636 644.318182 72160.000000
1073.863636 644.318182 72200.000000
1073.863636 644.318182 72240.000000
1073.863636 644.318182 72280.000000
1073.863636 644.318182 72320.000000
1073.863636 644.318182 72360.000000
1073.863636 644.318182 72400.000000
1073.863636 644.318182 72440.000000
1073.863636 644.318182 72480.000000
1073.863636 644.318182 72520.000000
1073.863636 644.318182 72560.000000
1073.863636 644.318182 72600.000000
1073.863636 644.318182 72640.000000
1073.863636 644.318182 72680.000000
1073.863636 644.318182 72720.000000
1073.863636 644.318182 72760.000000
1073.863636 644.318182 72800.000000
1073.863636 644.318182 72840.000000
1073.863636 644.318182 72880.000000
1073.863636 644.318182 72920.000000
1073.863636 644.318182 72960.000000
1073.863636 644.318182 73000.000000
1073.863636 644.318182 73040.000000
1073.863636 644.318182 73080.000000
1073.863636 644.318182 73120.000000
1073.863636 644.318182 73160.000000
1073.863636 644.318182 73200.000000
1073.863636 644.318182 73240.000000
1073.863636 644.318182 73280.000000
1073.863636 644.318182 73320.000000
1073.863636 644.318182 73360.000000
1073.863636 644.318182 73400.000000
1073.863636 644.318182 73440.000000
1073.863636 644.318182 73480.000000
1073.863636 644.318182 73520.000000
1073.863636 644.318182 73560.000000
1073.863636 644.318182 73600.000000
1073.863636 644.318182 73640.000000
1073.863636 644.318182 73680.000000
1073.863636 644.318182 73720.000000
1073.863636 644.318182 73760.000000
1073.863636 644.318182 73800.000000
1073.863636 644.318182 73840.000000
1073.863636 644.318182 73880.000000
1073.863636 644.318182 73920.000000
1073.863636 644.318182 73960.000000
1073.863636 644.318182 74000.000000
1073.863636 644.318182 74040.000000
1073.863636 644.318182 74080.000000
1073.863636 644.318182 74120.000000
1073.863636 644.318182 74160.000000
1073.863636 644.318182 74200.000000
1073.863636 644.318182 74240.000000
1073.863636 644.318182 74280.000000
1073.863636 644.318182 74320.000000
1073.863636 644.318182 74360.000000
1073.863636 644.318182 74400.000000
1073.863636 644.318182 74440.000000
1073.863636 644.318182 74480.000000
1073.863636 644.318182 74520.000000
1073.863636 644.318182 74560.000000
1073.863636 644.318182 74600.000000
1073.863636 644.318182 74640.000000
1073.863636 644.318182 74680.000000
1073.863636 644.318182 74720.000000
1073.863636 644.318182 74760.000000
1073.863636 644.318182 74800.000000
1073.863636 644.318182 74840.000000
1073.863636 644.318182 74880.000000
1073.863636 644.318182 74920.000000
1073.863636 644.318182 74960.000000
1073.863636 644.318182 75000.000000
1073.863636 644.318182 75040.000000
1073.863636 644.318182 75080.000000
1073.863636 644.318182 75120.000000
1073.863636 644.318182 75160.000000
1073.863636 644.318182 75200.000000
1073.863636 644.318182 75240.000000
1073.863636 644.318182 75280.000000
1073.863636 644.318182 75320.000000
1073.863636 644.318182 75360.000000
1073.863636 644.318182 75400.000000
1073.863636 644.318182 75440.000000
1073.863636 644.318182 75480.000000
1073.863636 644.318182 75520.000000
1073.863636 644.318182 75560.000000
1073.863636 644.318182 75600.000000
1073.863636 644.318182 75640.000000
1073.863636 644.318182 75680.000000
1073.863636 644.318182 75720.000000
1073.863636 644.318182 75760.000000
1073.863636 644.318182 75800.000000
1073.863636 644.318182 75840.000000
1073.863636 644.318182 75880.000000
1073.863636 644.318182 75920.000000
1073.863636 644.318182 75960.000000
1073.863636 644.318182 76000.000000
1073.863636 644.318182 76040.000000
1073.863636 644.318182 76080.000000
1073.863636 644.318182 76120.000000
1073.863636 644.318182 76160.000000
1073.863636 644.318182 76200.000000
1073.863636 644.318182 76240.000000
1073.863636 644.318182 76280.000000
1073.863636 644.318182 76320.000000
1073.863636 644.318182 76360.000000
1073.863636 644.318182 76400.000000
1073.863636 644.318182 76440.000000
1073.863636 644.318182 76480.000000
1073.863636 644.318182 76520.000000
1073.863636 644.318182 76560.000000
1073.863636 644.318182 76600.000000
1073.863636 644.318182 76640.000000
1073.863636 644.318182 76680.000000
1073.863636 644.318182 76720.000000
1073.863636 644.318182 76760.000000
1073.863636 644.318182 76800.000000
1073.863636 644.318182 76840.000000
1073.863636 644.318182 76880.000000
1073.863636 644.318182 76920.000000
1073.863636 644.318182 76960.000000
1073.863636 644.318182 77000.000000
1073.863636 644.318182 77040.000000
1073.863636 644.318182 77080.000000
1073.863636 644.318182 77120.000000
1073.863636 644.318182 77160.000000
1073.863636 644.318182 77200.000000
1073.863636 644.318182 77240.000000
1073.863636 644.318182 77280.000000
1073.863636 644.318182 77320.000000
1073.863636 644.318182 77360.000000
1073.863636 644.318182 77400.000000
1073.863636 644.318182 77440.000000
1073.863636 644.318182 77480.000000
1073.863636 644.318182 77520.000000
1073.863636 644.318182 77560.000000
1073.863636 644.318182 77600.000000
1073.863636 644.318182 77640.000000
1073.863636 644.318182 77680.000000
1073.863636 644.318182 77720.000000
1073.863636 644.318182 77760.000000
1073.863636 644.318182 77800.000000
1073.863636 644.318182 77840.000000
1073.863636 644.318182 77880.000000
1073.863636 644.318182 77920.000000
1073.863636 644.318182 77960.000000
1073.863636 644.318182 78000.000000
1073.863636 644.318182 78040.000000
1073.863636 644.318182 78080.000000
1073.863636 644.318182 78120.000000
1073.863636 644.318182 78160.000000
1073.863636 644.318182 78200.000000
1073.863636 644.318182 78240.000000
1073.863636 644.318182 78280.000000
1073.863636 644.318182 78320.000000
1073.863636 644.318182 78360.000000
1073.863636 644.318182 78400.000000
1073.863636 644.318182 78440.000000
1073.863636 644.318182 78480.000000
1073.863636 644.318182 78520.000000
1073.863636 644.318182 78560.000000
1073.863636 644.318182 78600.000000
1073.863636 644.318182 78640.000000
1073.863636 644.318182 78680.000000
1073.863636 644.318182 78720.000000
1073.863636 644.318182 78760.000000
1073.863636 644.318182 78800.000000
1073.863636 644.318182 78840.000000
1073.863636 644.318182 78880.000000
1073.863636 644.318182 78920.000000
1073.863636 644.318182 78960.000000
1073.863636 644.318182 79000.000000
1073.863636 644.318182 79040.000000
1073.863636 644.318182 79080.000000
1073.863636 644.318182 79120.000000
1073.863636 644.318182 79160.000000
1073.863636 644.318182 79200.000000
1073.863636 644.318182 79240.000000
1073.863636 644.318182 79280.000000
1073.863636 644.318182 79320.000000
1073.863636 644.318182 79360.000000
1073.863636 644.318182 79400.000000
1073.863636 644.318182 79440.000000
1073.863636 644.318182 79480.000000
1073.863636 644.318182 79520.000000
1073.863636 644.318182 79560.000000
1073.863636 644.318182 79600.000000
1073.863636 644.318182 79640.000000
1073.863636 644.318182 79680.000000
1073.863636 644.318182 79720.000000
1073.863636 644.318182 79760.000000
1073.863636 644.318182 79800.000000
1073.863636 644.318182 79840.000000
1073.863636 644.318182 79880.000000
1073.863636 644.318182 79920.000000
1073.863636 644.318182 79960.000000
1073.863636 644.318182 80000.000000
1073.863636 644.318182 80040.000000
1073.863636 644.318182 80080.000000
1073.863636 644.318182 80120.000000
1073.863636 644.318182 80160.000000
1073.863636 644.318182 80200.000000
1073.863636 644.318182 80240.000000
1073.863636 644.318182 80280.000000
1073.863636 644.318182 80320.000000
1073.863636 644.318182 80360.000000
1073.863636 644.318182 80400.000000
1073.863636 644.318182 80440.000000
1073.863636 644.318182 80480.000000
1073.863636 644.318182 80520.000000
1073.863636 644.318182 80560.000000
1073.863636 644.318182 80600.000000
1073.863636 644.318182 80640.000000
1073.863636 644.318182 80680.000000
1073.863636 644.318182 80720.000000
1073.863636 644.318182 80760.000000
1073.863636 644.318182 80800.000000
1073.863636 644.318182 80840.000000
1073.863636 644.318182 80880.000000
1073.863636 644.318182 80920.000000
1073.863636 644.318182 80960.000000
1073.863636 644.318182 81000.000000
1073.863636 644.318182 81040.000000
1073.863636 644.318182 81080.000000
1073.863636 644.318182 81120.000000
1073.863636 644.318182 81160.000000
1073.863636 644.318182 81200.000000
1073.863636 644.318182 81240.000000
1073.863636 644.318182 81280.000000
1073.863636 644.318182 81320.000000
1073.863636 644.318182 81360.000000
1073.863636 644.318182 81400.000000
1073.863636 644.318182 81440.000000
1073.863636 644.318182 81480.000000
1073.863636 644.318182 81520.000000
1073.863636 644.318182 81560.000000
1073.863636 644.318182 81600.000000
1073.863636 644.318182 81640.000000
1073.863636 644.318182 81680.000000
1073.863636 644.318182 81720.000000
1073.863636 644.318182 81760.000000
1073.863636 644.318182 81800.000000
1073.863636 644.318182 81840.000000
1073.863636 644.318182 81880.000000
1073.863636 644.318182 81920.000000
1073.863636 644.318182 81960.000000
1073.863636 644.318182 82000.000000
1073.863636 644.318182 82040.000000
1073.863636 644.318182 82080.000000
1073.863636 644.318182 82120.000000
1073.863636 644.318182 82160.000000
1073.863636 644.318182 82200.000000
1073.863636 644.318182 82240.000000
1073.863636 644.318182 82280.000000
1073.863636 644.318182 82320.000000
1073.863636 644.318182 82360.000000
1073.863636 644.318182 82400.000000
1073.863636 644.318182 82440.000000
1073.863636 644.318182 82480.000000
1073.863636 644.318182 82520.000000
1073.863636 644.318182 82560.000000
1073.863636 644.318182 82600.000000
1073.863636 644.318182 82640.000000
1073.863636 644.318182 82680.000000
1073.863636 644.318182 82720.000000
1073.863636 644.318182 82760.000000
1073.863636 644.318182 82800.000000
1073.863636 644.318182 82840.000000
1073.863636 644.318182 82880.000000
1073.863636 644.318182 82920.000000
1073.863636 644.318182 82960.000000
1073.863636 644.318182 83000.000000
1073.863636 644.318182 83040.000000
1073.863636 644.318182 83080.000000
1073.863636 644.318182 83120.000000
1073.863636 644.318182 83160.000000
1073.863636 644.318182 83200.000000
1073.863636 644.318182 83240.000000
1073.863636 644.318182 83280.000000
1073.863636 644.318182 83320.000000
1073.863636 644.318182 83360.000000
1073.863636 644.318182 83400.000000
1073.863636 644.318182 83440.000000
1073.863636 644.318182 83480.000000
1073.863636 644.318182 83520.000000
1073.863636 644.318182 83560.000000
1073.863636 644.318182 83600.000000
1073.863636 644.318182 83640.000000
1073.863636 644.318182 83680.000000
1073.863636 644.318182 83720.000000
1073.863636 644.318182 83760.000000
1073.863636 644.318182 83800.000000
1073.863636 644.318182 83840.000000
1073.863636 644.318182 83880.000000
1073.863636 644.318182 83920.000000
1073.863636 644.318182 83960.000000
1073.863636 644.318182 84000.000000
1073.863636 644.318182 84040.000000
1073.863636 644.318182 84080.000000
1073.863636 644.318182 84120.000000
1073.863636 644.318182 84160.000000
1073.863636 644.318182 84200.000000
1073.863636 644.318182 84240.000000
1073.863636 644.318182 84280.000000
1073.863636 644.318182 84320.000000
1073.863636 644.318182 84360.000000
1073.863636 644.318182 84400.000000
1073.863636 644.318182 84440.000000
1073.863636 644.318182 84480.000000
1073.863636 644.318182 84520.000000
1073.863636 644.318182 84560.000000
1073.863636 644.318182 84600.000000
1073.863636 644.318182 84640.000000
1073.863636 644.318182 84680.000000
1073.863636 644.318182 84720.000000
1073.863636 644.318182 84760.000000
1073.863636 644.318182 84800.000000
1073.863636 644.318182 84840.000000
1073.863636 644.318182 84880.000000
1073.863636 644.318182 84920.000000
1073.863636 644.318182 84960.000000
1073.863636 644.318182 85000.000000
1073.863636 644.318182 85040.000000
1073.863636 644.318182 85080.000000
1073.863636 644.318182 85120.000000
1073.863636 644.318182 85160.000000
1073.863636 644.318182 85200.000000
1073.863636 644.318182 85240.000000
1073.863636 644.318182 85280.000000
1073.863636 644.318182 85320.000000
1073.863636 644.318182 85360.000000
1073.863636 644.318182 85400.000000
1073.863636 644.318182 85440.000000
1073.863636 644.318182 85480.000000
1073.863636 644.318182 85520.000000
1073.863636 644.318182 85560.000000
1073.863636 644.318182 85600.000000
1073.863636 644.318182 85640.000000
1073.863636 644.318182 85680.000000
1073.863636 644.318182 85720.000000
1073.863636 644.318182 85760.000000
1073.863636 644.318182 85800.000000
1073.863636 644.318182 85840.000000
1073.863636 644.318182 85880.000000
1073.863636 644.318182 85920.000000
1073.863636 644.318182 85960.000000
1073.863636 644.318182 86000.000000
1073.863636 644.318182 86040.000000
1073.863636 644.318182 86080.000000
1073.863636 644.318182 86120.000000
1073.863636 644.318182 86160.000000
1073.863636 644.318182 86200.000000
1073.863636 644.318182 86240.000000
1073.863636 644.318182 86280.000000
1073.863636 644.318182 86320.000000
1073.863636 644.318182 86360.000000
1073.863636 644.318182 86400.000000
1073.863636 644.318182 86440.000000
1073.863636 644.318182 86480.000000
1073.863636 644.318182 86520.000000
1073.863636 644.318182 86560.000000
1073.863636 644.318182 86600.000000
1073.863636 644.318182 86640.000000
1073.863636 644.318182 86680.000000
1073.863636 644.318182 86720.000000
1073.863636 644.318182 86760.000000
1073.863636 644.318182 86800.000000
1073.863636 644.318182 86840.000000
1073.863636 644.318182 86880.000000
1073.863636 644.318182 86920.000000
1073.863636 644.318182 86960.000000
1073.863636 644.318182 87000.000000
1073.863636 644.318182 87040.000000
1073.863636 644.318182 87080.000000
1073.863636 644.318182 87120.000000
1073.863636 644.318182 87160.000000
1073.863636 644.318182 87200.000000
1073.863636 644.318182 87240.000000
1073.863636 644.318182 87280.000000
1073.863636 644.318182 87320.000000
1073.863636 644.318182 87360.000000
1073.863636 644.318182 87400.000000
1073.863636 644.318182 87440.000000
1073.863636 644.318182 87480.000000
1073.863636 644.318182 87520.000000
1073.863636 644.318182 87560.000000
1073.863636 644.318182 87600.000000
1073.863636 644.318182 87640.000000
1073.863636 644.318182 87680.000000
1073.863636 644.318182 87720.000000
1073.863636 644.318182 87760.000000
1073.863636 644.318182 87800.000000
1073.863636 644.318182 87840.000000
1073.863636 644.318182 87880.000000
1073.863636 644.318182 87920.000000
1073.863636 644.318182 87960.000000
1073.863636 644.318182 88000.000000
1073.863636 644.318182 88040.000000
1073.863636 644.318182 88080.000000
1073.863636 644.318182 88120.000000
1073.863636 644.318182 88160.000000
1073.863636 644.318182 88200.000000
1073.863636 644.318182 88240.000000
1073.863636 644.318182 88280.000000
1073.863636 644.318182 88320.000000
1073.863636 644.318182 88360.000000
1073.863636 644.318182 88400.000000
1073.863636 644.318182 88440.000000
1073.863636 644.318182 88480.000000
1073.863636 644.318182 88520.000000
1073.863636 644.318182 88560.000000
1073.863636 644.318182 88600.000000
1073.863636 644.318182 88640.000000
1073.863636 644.318182 88680.000000
1073.863636 644.318182 88720.000000
1073.863636 644.318182 88760.000000
1073.863636 644.318182 88800.000000
1073.863636 644.318182 88840.000000
1073.863636 644.318182 88880.000000
1073.863636 644.318182 88920.000000
1073.863636 644.318182 88960.000000
1073.863636 644.318182 89000.000000
1073.863636 644.318182 89040.000000
1073.863636 644.318182 89080.000000
1073.863636 644.318182 89120.000000
1073.863636 644.318182 89160.000000
1073.863636 644.318182 89200.000000
1073.863636 644.318182 89240.000000
1073.863636 644.318182 89280.000000
1073.863636 644.318182 89320.000000
1073.863636 644.318182 89360.000000
1073.863636 644.318182 89400.000000
1073.863636 644.318182 89440.000000
1073.863636 644.318182 89480.000000
1073.863636 644.318182 89520.000000
1073.863636 644.318182 89560.000000
1073.863636 644.318182 89600.000000
1073.863636 644.318182 89640.000000
1073.863636 644.318182 89680.000000
1073.863636 644.318182 89720.000000
1073.863636 644.318182 89760.000000
1073.863636 644.318182 89800.000000
1073.863636 644.318182 89840.000000
1073.863636 644.318182 89880.000000
1073.863636 644.318182 89920.000000
1073.863636 644.318182 89960.000000
1073.863636 644.318182 90000.000000
1073.863636 644.318182 90040.000000
1073.863636 644.318182 90080.000000
1073.863636 644.318182 90120.000000
1073.863636 644.318182 90160.000000
1073.863636 644.318182 90200.000000
1073.863636 644.318182 90240.000000
1073.863636 644.318182 90280.000000
1073.863636 644.318182 90320.000000
1073.863636 644.318182 90360.000000
1073.863636 644.318182 90400.000000
1073.863636 644.318182 90440.000000
1073.863636 644.318182 90480.000000
1073.863636 644.318182 90520.000000
1073.863636 644.318182 90560.000000
1073.863636 644.318182 90600.000000
1073.863636 644.318182 90640.000000
1073.863636 644.318182 90680.000000
1073.863636 644.318182 90720.000000
1073.863636 644.318182 90760.000000
1073.863636 644.318182 90800.000000
1073.863636 644.318182 90840.000000
1073.863636 644.318182 90880.000000
1073.863636 644.318182 90920.000000
1073.863636 644.318182 90960.000000
1073.863636 644.318182 91000.000000
1073.863636 644.318182 91040.000000
1073.863636 644.318182 91080.000000
1073.863636 644.318182 91120.000000
1073.863636 644.318182 91160.000000
1073.863636 644.318182 91200.000000
1073.863636 644.318182 91240.000000
1073.863636 644.318182 91280.000000
1073.863636 644.318182 91320.000000
1073.863636 644.318182 91360.000000
1073.863636 644.318182 91400.000000
1073.863636 644.318182 91440.000000
1073.863636 644.318182 91480.000000
1073.863636 644.318182 91520.000000
1073.863636 644.318182 91560.000000
1073.863636 644.318182 91600.000000
1073.863636 644.318182 91640.000000
1073.863636 644.318182 91680.000000
1073.863636 644.318182 91720.000000
1073.863636 644.318182 91760.000000
1073.863636 644.318182 91800.000000
1073.863636 644.318182 91840.000000
1073.863636 644.318182 91880.000000
1073.863636 644.318182 91920.000000
1073.863636 644.318182 91960.000000
1073.863636 644.318182 92000.000000
1073.863636 644.318182 92040.000000
1073.863636 644.318182 92080.000000
1073.863636 644.318182 92120.000000
1073.863636 644.318182 92160.000000
1073.863636 644.318182 92200.000000
1073.863636 644.318182 92240.000000
1073.863636 644.318182 92280.000000
1073.863636 644.318182 92320.000000
1073.863636 644.318182 92360.000000
1073.863636 644.318182 92400.000000
1073.863636 644.318182 92440.000000
1073.863636 644.318182 92480.000000
1073.863636 644.318182 92520.000000
1073.863636 644.318182 92560.000000
1073.863636 644.318182 92600.000000
1073.863636 644.318182 92640.000000
1073.863636 644.318182 92680.000000
1073.863636 644.318182 92720.000000
1073.863636 644.318182 92760.000000
1073.863636 644.318182 92800.000000
1073.863636 644.318182 92840.000000
1073.863636 644.318182 92880.000000
1073.863636 644.318182 92920.000000
1073.863636 644.318182 92960.000000
1073.863636 644.318182 93000.000000
1073.863636 644.318182 93040.000000
1073.863636 644.318182 93080.000000
1073.863636 644.318182 93120.000000
1073.863636 644.318182 93160.000000
1073.863636 644.318182 93200.000000
1073.863636 644.318182 93240.000000
1073.863636 644.318182 93280.000000
1073.863636 644.318182 93320.000000
1073.863636 644.318182 93360.000000
1073.863636 644.318182 93400.000000
1073.863636 644.318182 93440.000000
1073.863636 644.318182 93480.000000
1073.863636 644.318182 93520.000000
1073.863636 644.318182 93560.000000
1073.863636 644.318182 93600.000000
1073.863636 644.318182 93640.000000
1073.863636 644.318182 93680.000000
1073.863636 644.318182 93720.000000
1073.863636 644.318182 93760.000000
1073.863636 644.318182 93800.000000
1073.863636 644.318182 93840.000000
1073.863636 644.318182 93880.000000
1073.863636 644.318182 93920.000000
1073.863636 644.318182 93960.000000
1073.863636 644.318182 94000.000000
1073.863636 644.318182 94040.000000
1073.863636 644.318182 94080.000000
1073.863636 644.318182 94120.000000
1073.863636 644.318182 94160.000000
1073.863636 644.318182 94200.000000
1073.863636 644.318182 94240.000000
1073.863636 644.318182 94280.000000
1073.863636 644.318182 94320.000000
1073.863636 644.318182 94360.000000
1073.863636 644.318182 94400.000000
1073.863636 644.318182 94440.000000
1073.863636 644.318182 94480.000000
1073.863636 644.318182 94520.000000
1073.863636 644.318182 94560.000000
1073.863636 644.318182 94600.000000
1073.863636 644.318182 94640.000000
1073.863636 644.318182 94680.000000
1073.863636 644.318182 94720.000000
1073.863636 644.318182 94760.000000
1073.863636 644.318182 94800.000000
1073.863636 644.318182 94840.000000
1073.863636 644.318182 94880.000000
1073.863636 644.318182 94920.000000
1073.863636 644.318182 94960.000000
1073.863636 644.318182 95000.000000
1073.863636 644.318182 95040.000000
1073.863636 644.318182 95080.000000
1073.863636 644.318182 95120.000000
1073.863636 644.318182 95160.000000
1073.863636 644.318182 95200.000000
1073.863636 644.318182 95240.000000
1073.863636 644.318182 95280.000000
1073.863636 644.318182 95320.000000
1073.863636 644.318182 95360.000000
1073.863636 644.318182 95400.000000
1073.863636 644.318182 95440.000000
1073.863636 644.318182 95480.000000
1073.863636 644.318182 95520.000000
1073.863636 644.318182 95560.000000
1073.863636 644.318182 95600.000000
1073.863636 644.318182 95640.000000
1073.863636 644.318182 95680.000000
1073.863636 644.318182 95720.000000
1073.863636 644.318182 95760.000000
1073.863636 644.318182 95800.000000
1073.863636 644.318182 95840.000000
1073.863636 644.318182 95880.000000
1073.863636 644.318182 95920.000000
1073.863636 644.318182 95960.000000
1073.863636 644.318182 96000.000000
1073.863636 644.318182 96040.000000
1073.863636 644.318182 96080.000000
1073.863636 644.318182 96120.000000
1073.863636 644.318182 96160.000000
1073.863636 644.318182 96200.000000
1073.863636 644.318182 96240.000000
1073.863636 644.318182 96280.000000
1073.863636 644.318182 96320.000000
1073.863636 644.318182 96360.000000
1073.863636 644.318182 96400.000000
1073.863636 644.318182 96440.000000
1073.863636 644.318182 96480.000000
1073.863636 644.318182 96520.000000
1073.863636 644.318182 96560.000000
1073.863636 644.318182 96600.000000
1073.863636 644.318182 96640.000000
1073.863636 644.318182 96680.000000
1073.863636 644.318182 96720.000000
1073.863636 644.318182 96760.000000
1073.863636 644.318182 96800.000000
1073.863636 644.318182 96840.000000
1073.863636 644.318182 96880.000000
1073.863636 644.318182 96920.000000
1073.863636 644.318182 96960.000000
1073.863636 644.318182 97000.000000
1073.863636 644.318182 97040.000000
1073.863636 644.318182 97080.000000
1073.863636 644.318182 97120.000000
1073.863636 644.318182 97160.000000
1073.863636 644.318182 97200.000000
1073.863636 644.318182 97240.000000
1073.863636 644.318182 97280.000000
1073.863636 644.318182 97320.000000
1073.863636 644.318182 97360.000000
1073.863636 644.318182 97400.000000
1073.863636 644.318182 97440.000000
1073.863636 644.318182 97480.000000
1073.863636 644.318182 97520.000000
1073.863636 644.318182 97560.000000
1073.863636 644.318182 97600.000000
1073.863636 644.318182 97640.000000
1073.863636 644.318182 97680.000000
1073.863636 644.318182 97720.000000
1073.863636 644.318182 97760.000000
1073.863636 644.318182 97800.000000
1073.863636 644.318182 97840.000000
1073.863636 644.318182 97880.000000
1073.863636 644.318182 97920.000000
1073.863636 644.318182 97960.000000
1073.863636 644.318182 98000.000000
1073.863636 644.318182 98040.000000
1073.863636 644.318182 98080.000000
1073.863636 644.318182 98120.000000
1073.863636 644.318182 98160.000000
1073.863636 644.318182 98200.000000
1073.863636 644.318182 98240.000000
1073.863636 644.318182 98280.000000
1073.863636 644.318182 98320.000000
1073.863636 644.318182 98360.000000
1073.863636 644.318182 98400.000000
1073.863636 644.318182 98440.000000
1073.863636 644.318182 98480.000000
1073.863636 644.318182 98520.000000
1073.863636 644.318182 98560.000000
1073.863636 644.318182 98600.000000
1073.863636 644.318182 98640.000000
1073.863636 644.318182 98680.000000
1073.863636 644.318182 98720.000000
1073.863636 644.318182 98760.000000
1073.863636 644.318182 98800.000000
1073.863636 644.318182 98840.000000
1073.863636 644.318182 98880.000000
1073.863636 644.318182 98920.000000
1073.863636 644.318182 98960.000000
1073.863636 644.318182 99000.000000
1073.863636 644.318182 99040.000000
1073.863636 644.318182 99080.000000
1073.863636 644.318182 99120.000000
1073.863636 644.318182 99160.000000
1073.863636 644.318182 99200.000000
1073.863636 644.318182 99240.000000
1073.863636 644.318182 99280.000000
1073.863636 644.318182 99320.000000
1073.863636 644.318182 99360.000000
1073.863636 644.318182 99400.000000
1073.863636 644.318182 99440.000000
1073.863636 644.318182 99480.000000
1073.863636 644.318182 99520.000000
1073.863636 644.318182 99560.000000
1073.863636 644.318182 99600.000000
1073.863636 644.318182 99640.000000
1073.863636 644.318182 99680.000000
1073.863636 644.318182 99720.000000
1073.863636 644.318182 99760.000000
1073.863636 644.318182 99800.000000
1073.863636 644.318182 99840.000000
1073.863636 644.318182 99880.000000
1073.863636 644.318182 99920.000000
1073.863636 644.318182 99960.000000
